-4.385553836822509766e+00
-3.646060943603515625e+00
-3.879582881927490234e+00
-5.279183387756347656e+00
-4.571427345275878906e+00
-4.540419578552246094e+00
-3.796022176742553711e+00
-3.576999664306640625e+00
-4.493248939514160156e+00
-4.187017917633056641e+00
-3.402879238128662109e+00
-4.282594680786132812e+00
-4.138504028320312500e+00
-4.220876693725585938e+00
-4.212628841400146484e+00
-3.783092737197875977e+00
-4.405618667602539062e+00
-5.106937885284423828e+00
-4.007129669189453125e+00
-3.657910108566284180e+00
-4.159039020538330078e+00
-4.544924736022949219e+00
-3.962442398071289062e+00
-3.670022726058959961e+00
-3.833381175994873047e+00
-3.755791187286376953e+00
-3.791544914245605469e+00
-2.729722738265991211e+00
-3.805079460144042969e+00
-3.915050506591796875e+00
-3.416360139846801758e+00
-4.307377815246582031e+00
-3.899127483367919922e+00
-4.454539775848388672e+00
-2.738888978958129883e+00
-3.440524816513061523e+00
-3.447839975357055664e+00
-4.024934291839599609e+00
-3.283182144165039062e+00
-3.569027185440063477e+00
-3.752259731292724609e+00
-4.215898990631103516e+00
-4.016803741455078125e+00
-4.175069808959960938e+00
-3.494524002075195312e+00
-3.907531023025512695e+00
-3.162909030914306641e+00
-3.740245819091796875e+00
-4.309442520141601562e+00
-4.163933277130126953e+00
-4.081867218017578125e+00
-3.574705600738525391e+00
-3.754633188247680664e+00
-3.887270212173461914e+00
-3.034391403198242188e+00
-3.315507888793945312e+00
-3.360000848770141602e+00
-1.934197902679443359e+00
-2.552005052566528320e+00
-3.696697473526000977e+00
-3.791321277618408203e+00
-3.909769058227539062e+00
-3.240812301635742188e+00
-3.512273311614990234e+00
-3.653610467910766602e+00
-3.816985607147216797e+00
-3.449727058410644531e+00
-3.441953182220458984e+00
-2.575838088989257812e+00
-3.606618881225585938e+00
-3.289306402206420898e+00
-3.707927465438842773e+00
-3.116410493850708008e+00
-3.609650135040283203e+00
-3.336021661758422852e+00
-3.183017492294311523e+00
-3.407730579376220703e+00
-3.630917072296142578e+00
-2.592226028442382812e+00
-3.343574762344360352e+00
-3.596062183380126953e+00
-2.648032665252685547e+00
-3.272734880447387695e+00
-3.223425388336181641e+00
-3.166521072387695312e+00
-3.275602340698242188e+00
-3.286381244659423828e+00
-2.930989742279052734e+00
-3.199833869934082031e+00
-2.961473464965820312e+00
-2.767671108245849609e+00
-2.479234695434570312e+00
-2.706648588180541992e+00
-3.129585742950439453e+00
-2.761250972747802734e+00
-2.830032110214233398e+00
-2.824608802795410156e+00
-2.632954359054565430e+00
-3.073886871337890625e+00
-3.010395050048828125e+00
-2.771972179412841797e+00
-2.692314624786376953e+00
-2.738855123519897461e+00
-2.331997871398925781e+00
-2.020824909210205078e+00
-2.378845214843750000e+00
-2.540958881378173828e+00
-2.398131370544433594e+00
-2.270174980163574219e+00
-2.247443199157714844e+00
-2.709124088287353516e+00
-2.648036003112792969e+00
-2.253104686737060547e+00
-2.002320289611816406e+00
-1.787367582321166992e+00
-2.217707157135009766e+00
-2.206740379333496094e+00
-2.442552089691162109e+00
-2.622656345367431641e+00
-2.347209215164184570e+00
-1.783825874328613281e+00
-2.180303573608398438e+00
-2.221424818038940430e+00
-2.060609340667724609e+00
-1.887305140495300293e+00
-2.351485729217529297e+00
-2.040524244308471680e+00
-1.836501598358154297e+00
-2.147240877151489258e+00
-1.847459673881530762e+00
-2.073565721511840820e+00
-1.915549635887145996e+00
-2.214767932891845703e+00
-1.672062873840332031e+00
-1.909518003463745117e+00
-2.007715702056884766e+00
-1.873162388801574707e+00
-1.810161232948303223e+00
-1.698120474815368652e+00
-1.871817588806152344e+00
-2.147408246994018555e+00
-2.001584529876708984e+00
-1.678860902786254883e+00
-1.315206527709960938e+00
-1.594561457633972168e+00
-2.048179864883422852e+00
-1.744396328926086426e+00
-1.812845826148986816e+00
-1.479435324668884277e+00
-1.719417452812194824e+00
-1.964184522628784180e+00
-1.491002798080444336e+00
-1.496140122413635254e+00
-1.718829631805419922e+00
-1.637820720672607422e+00
-1.695001721382141113e+00
-1.672354936599731445e+00
-1.749458789825439453e+00
-1.454758048057556152e+00
-1.693661689758300781e+00
-1.744062781333923340e+00
-1.692296504974365234e+00
-1.601239204406738281e+00
-1.338635683059692383e+00
-1.298174500465393066e+00
-1.672665715217590332e+00
-1.561999440193176270e+00
-1.602543354034423828e+00
-1.473764300346374512e+00
-1.492024064064025879e+00
-1.501279711723327637e+00
-1.492972850799560547e+00
-1.586794376373291016e+00
-1.372852325439453125e+00
-1.356168508529663086e+00
-1.496947526931762695e+00
-1.413563728332519531e+00
-1.492289781570434570e+00
-1.797296881675720215e+00
-1.488644599914550781e+00
-1.648738980293273926e+00
-1.496066331863403320e+00
-1.458562850952148438e+00
-1.418627738952636719e+00
-1.326045989990234375e+00
-1.497811079025268555e+00
-1.066514015197753906e+00
-9.473724365234375000e-01
-9.772678613662719727e-01
-1.315191984176635742e+00
-1.268270969390869141e+00
-9.755889177322387695e-01
-1.039793729782104492e+00
-1.029605627059936523e+00
-1.081717491149902344e+00
-1.194218158721923828e+00
-1.269010543823242188e+00
-1.254976630210876465e+00
-1.193790435791015625e+00
-1.257304430007934570e+00
-1.162548661231994629e+00
-1.185125589370727539e+00
-1.266173601150512695e+00
-1.177808761596679688e+00
-1.034963846206665039e+00
-1.336114645004272461e+00
-1.374469280242919922e+00
-1.235341906547546387e+00
-1.129301786422729492e+00
-1.073127508163452148e+00
-1.096479892730712891e+00
-1.324594974517822266e+00
-1.141362428665161133e+00
-1.062652111053466797e+00
-1.025018930435180664e+00
-7.942963838577270508e-01
-1.070685148239135742e+00
-9.607182741165161133e-01
-8.878678083419799805e-01
-1.039765357971191406e+00
-8.860203027725219727e-01
-1.032082915306091309e+00
-9.114664793014526367e-01
-8.935729265213012695e-01
-5.964640378952026367e-01
-8.707175254821777344e-01
-6.720592975616455078e-01
-8.870582580566406250e-01
-9.548513293266296387e-01
-7.992345094680786133e-01
-9.577237367630004883e-01
-9.683433771133422852e-01
-8.283645510673522949e-01
-8.279784917831420898e-01
-9.008361697196960449e-01
-9.128209352493286133e-01
-9.050636291503906250e-01
-8.589189052581787109e-01
-8.112084269523620605e-01
-8.056123256683349609e-01
-7.858122587203979492e-01
-7.573937773704528809e-01
-8.107665777206420898e-01
-7.478191852569580078e-01
-8.704037666320800781e-01
-6.636720895767211914e-01
-4.985600709915161133e-01
-6.289993524551391602e-01
-4.782322645187377930e-01
-8.838820457458496094e-01
-8.268067240715026855e-01
-7.517570853233337402e-01
-8.065146803855895996e-01
-6.859474778175354004e-01
-6.645255088806152344e-01
-7.327795028686523438e-01
-7.506179809570312500e-01
-7.965124845504760742e-01
-7.943543791770935059e-01
-5.622357130050659180e-01
-4.065703153610229492e-01
-6.398863792419433594e-01
-6.078566312789916992e-01
-5.277342200279235840e-01
-4.895097017288208008e-01
-4.417936801910400391e-01
-4.810460805892944336e-01
-3.861753940582275391e-01
-5.878066420555114746e-01
-5.891108512878417969e-01
-3.401442766189575195e-01
-3.829894065856933594e-01
-5.115479230880737305e-01
-4.752731323242187500e-01
-4.197219610214233398e-01
-4.707199335098266602e-01
-3.722339868545532227e-01
-3.387446999549865723e-01
-3.308473825454711914e-01
-5.515590310096740723e-01
-3.676689863204956055e-01
-3.755903244018554688e-01
-3.945873975753784180e-01
-4.592592120170593262e-01
-3.007821440696716309e-01
-2.254203557968139648e-01
-2.207705974578857422e-01
-1.595286130905151367e-01
-2.311140298843383789e-01
-4.722653627395629883e-01
-1.874176263809204102e-01
-2.446151971817016602e-01
-2.446827888488769531e-01
-3.225960731506347656e-01
-1.114516258239746094e-01
-2.434680461883544922e-01
-2.778127789497375488e-01
-3.161286115646362305e-01
-1.911783814430236816e-01
-2.776215076446533203e-01
-2.316645383834838867e-01
-1.386374235153198242e-01
-7.723516225814819336e-02
-2.147965431213378906e-01
-5.390214920043945312e-02
-1.599310040473937988e-01
-1.702519655227661133e-01
-1.304617524147033691e-01
-7.270956039428710938e-02
-1.451236009597778320e-01
-3.133910298347473145e-01
-9.460484981536865234e-02
-8.966124057769775391e-02
-1.480616331100463867e-01
-1.222848892211914062e-03
-1.927095055580139160e-01
-7.613575458526611328e-02
-1.421713232994079590e-01
-1.193634271621704102e-01
-5.584156513214111328e-02
-4.300606250762939453e-02
-9.485948085784912109e-02
-1.366186738014221191e-01
4.302990436553955078e-02
7.662081718444824219e-02
-6.653475761413574219e-02
-8.011639118194580078e-02
-4.750519990921020508e-02
1.095187664031982422e-02
-1.245456933975219727e-02
-2.434730529785156250e-02
3.742700815200805664e-02
-9.460073709487915039e-02
-6.313824653625488281e-02
-8.697736263275146484e-02
1.176592707633972168e-01
-1.833462715148925781e-02
-5.698347091674804688e-02
-5.504149198532104492e-02
7.215100526809692383e-02
1.045083403587341309e-01
4.506796598434448242e-02
8.891910314559936523e-02
1.195421218872070312e-01
1.393444538116455078e-01
1.325218081474304199e-01
2.459502220153808594e-02
9.798383712768554688e-02
6.179529428482055664e-02
1.330711245536804199e-01
4.577791690826416016e-02
8.438521623611450195e-02
1.036923527717590332e-01
7.167154550552368164e-02
8.524364233016967773e-02
1.264293193817138672e-01
-1.229053735733032227e-02
7.480078935623168945e-02
9.056377410888671875e-02
2.630610466003417969e-01
1.984217762947082520e-01
1.817742586135864258e-01
1.434779763221740723e-01
1.398417353630065918e-01
1.784139275550842285e-01
-3.640949726104736328e-03
1.565582752227783203e-01
1.446344256401062012e-01
1.508856415748596191e-01
1.346895098686218262e-01
1.567472815513610840e-01
1.955613493919372559e-01
1.807819604873657227e-01
3.006744980812072754e-01
1.123953461647033691e-01
2.107319235801696777e-01
1.471722126007080078e-01
1.119240522384643555e-01
1.142150759696960449e-01
1.977716088294982910e-01
1.403291225433349609e-01
1.235548257827758789e-01
1.685861349105834961e-01
1.751121878623962402e-01
2.239083051681518555e-01
1.962783336639404297e-01
1.915293931961059570e-01
2.843933105468750000e-01
2.081524729728698730e-01
3.466259837150573730e-01
2.205607295036315918e-01
3.639280796051025391e-01
2.992506623268127441e-01
2.130814194679260254e-01
1.522545814514160156e-01
1.952414512634277344e-01
2.727479934692382812e-01
1.452925205230712891e-01
2.472337484359741211e-01
2.002390027046203613e-01
3.321193456649780273e-01
2.507089972496032715e-01
2.374507784843444824e-01
2.169657945632934570e-01
2.888199687004089355e-01
2.310143113136291504e-01
2.701954841613769531e-01
3.137044310569763184e-01
2.998044490814208984e-01
3.303444981575012207e-01
2.995388507843017578e-01
3.498932123184204102e-01
2.629535198211669922e-01
2.598189711570739746e-01
3.194402456283569336e-01
2.400923967361450195e-01
1.948738098144531250e-01
2.499772906303405762e-01
3.500054478645324707e-01
2.814401984214782715e-01
2.955067753791809082e-01
3.015819787979125977e-01
2.989114522933959961e-01
3.477709889411926270e-01
3.340849280357360840e-01
3.999482989311218262e-01
2.557368278503417969e-01
3.201680183410644531e-01
3.624056577682495117e-01
2.211182117462158203e-01
3.008391261100769043e-01
2.699468731880187988e-01
3.727278113365173340e-01
3.623645305633544922e-01
3.118100166320800781e-01
3.601595163345336914e-01
2.649835944175720215e-01
3.800396919250488281e-01
4.875015616416931152e-01
3.633154034614562988e-01
3.658926486968994141e-01
3.169428110122680664e-01
5.310643911361694336e-01
3.113745450973510742e-01
4.554737210273742676e-01
3.821066617965698242e-01
2.892377972602844238e-01
4.072197675704956055e-01
4.158517122268676758e-01
3.667107820510864258e-01
3.990439772605895996e-01
3.998138904571533203e-01
3.682625293731689453e-01
4.376131892204284668e-01
3.942934274673461914e-01
3.884094953536987305e-01
4.964525103569030762e-01
3.292530775070190430e-01
3.067104816436767578e-01
4.519109725952148438e-01
4.056742191314697266e-01
3.118360042572021484e-01
3.590129017829895020e-01
4.144096970558166504e-01
2.740555405616760254e-01
4.422112703323364258e-01
2.976766824722290039e-01
4.787537455558776855e-01
4.334791898727416992e-01
4.654074907302856445e-01
4.085951447486877441e-01
4.287266135215759277e-01
4.763585329055786133e-01
3.628762364387512207e-01
3.581752181053161621e-01
4.324936866760253906e-01
3.625911474227905273e-01
4.532620906829833984e-01
3.315035700798034668e-01
3.513822555541992188e-01
4.014461636543273926e-01
4.135240316390991211e-01
4.276301264762878418e-01
4.275777339935302734e-01
3.652269244194030762e-01
4.950219988822937012e-01
3.139365911483764648e-01
4.353969097137451172e-01
3.769288659095764160e-01
4.171724915504455566e-01
3.800358772277832031e-01
3.706671595573425293e-01
4.601037502288818359e-01
4.150158762931823730e-01
3.612163066864013672e-01
3.853253126144409180e-01
4.337438941001892090e-01
3.618605136871337891e-01
3.791908621788024902e-01
5.949989557266235352e-01
5.208186507225036621e-01
5.962383151054382324e-01
3.972099423408508301e-01
3.555264472961425781e-01
4.592576920986175537e-01
4.774205684661865234e-01
3.940309286117553711e-01
4.892366528511047363e-01
4.241246581077575684e-01
4.877662956714630127e-01
4.416009187698364258e-01
5.797832012176513672e-01
4.416639804840087891e-01
3.665704131126403809e-01
5.166366696357727051e-01
4.374036788940429688e-01
4.141581952571868896e-01
5.129685401916503906e-01
5.023543238639831543e-01
4.788151383399963379e-01
4.990532398223876953e-01
6.056202650070190430e-01
3.717080354690551758e-01
5.246304869651794434e-01
5.421863198280334473e-01
4.348855614662170410e-01
4.422883987426757812e-01
3.671790957450866699e-01
4.433462023735046387e-01
3.837512731552124023e-01
4.290191531181335449e-01
5.133902430534362793e-01
4.644936919212341309e-01
4.482114911079406738e-01
4.941097497940063477e-01
3.752412199974060059e-01
4.552359580993652344e-01
4.569593071937561035e-01
4.744453132152557373e-01
5.767498016357421875e-01
4.002636075019836426e-01
5.296237468719482422e-01
4.669283032417297363e-01
4.796385169029235840e-01
4.245840311050415039e-01
5.467346310615539551e-01
4.287675023078918457e-01
5.648542046546936035e-01
4.625663161277770996e-01
3.855431079864501953e-01
6.422572135925292969e-01
4.673401713371276855e-01
4.295130968093872070e-01
5.104486942291259766e-01
4.201169013977050781e-01
5.199708342552185059e-01
5.631476044654846191e-01
4.269468784332275391e-01
5.564364194869995117e-01
4.772889614105224609e-01
5.330138206481933594e-01
4.639763832092285156e-01
4.155668616294860840e-01
4.556958675384521484e-01
4.854679703712463379e-01
4.401038289070129395e-01
4.000666141510009766e-01
4.325452446937561035e-01
4.709750711917877197e-01
4.346778988838195801e-01
5.756194591522216797e-01
5.712964534759521484e-01
4.577674269676208496e-01
5.380235910415649414e-01
4.716688394546508789e-01
5.531181097030639648e-01
4.251551330089569092e-01
4.807156324386596680e-01
4.151896834373474121e-01
5.052936077117919922e-01
5.484813451766967773e-01
5.406551957130432129e-01
5.185312032699584961e-01
4.818168282508850098e-01
5.656728744506835938e-01
5.260724425315856934e-01
5.119665265083312988e-01
4.822491109371185303e-01
4.935925602912902832e-01
4.998677372932434082e-01
5.037047266960144043e-01
3.841868042945861816e-01
4.491011500358581543e-01
4.035776853561401367e-01
4.952937066555023193e-01
4.375473558902740479e-01
5.113919973373413086e-01
4.006785750389099121e-01
4.522551894187927246e-01
4.783078432083129883e-01
5.050759315490722656e-01
4.508886933326721191e-01
5.213631987571716309e-01
5.520850419998168945e-01
6.585596799850463867e-01
5.322803258895874023e-01
5.322914719581604004e-01
5.338723659515380859e-01
4.704842567443847656e-01
4.820227026939392090e-01
4.893970489501953125e-01
3.914874792098999023e-01
3.862447738647460938e-01
3.768763542175292969e-01
4.308269321918487549e-01
5.120854973793029785e-01
5.068260431289672852e-01
5.594233274459838867e-01
4.618222415447235107e-01
6.041544079780578613e-01
5.679087638854980469e-01
5.545165538787841797e-01
4.163384735584259033e-01
5.449603796005249023e-01
4.441882073879241943e-01
4.929543137550354004e-01
4.872919917106628418e-01
4.539290368556976318e-01
4.896546900272369385e-01
4.972582757472991943e-01
5.484331250190734863e-01
5.175017118453979492e-01
5.759251117706298828e-01
5.517085194587707520e-01
5.391609668731689453e-01
4.694048166275024414e-01
4.076886177062988281e-01
4.681709408760070801e-01
4.897553026676177979e-01
4.522373676300048828e-01
5.540528893470764160e-01
4.669202864170074463e-01
5.234190225601196289e-01
4.883994460105895996e-01
4.397175312042236328e-01
6.292007565498352051e-01
6.176083087921142578e-01
4.277435243129730225e-01
4.907802343368530273e-01
5.598598718643188477e-01
5.447542667388916016e-01
4.750778675079345703e-01
5.645122528076171875e-01
5.341216325759887695e-01
4.572341144084930420e-01
5.198800563812255859e-01
5.072391629219055176e-01
5.957837700843811035e-01
5.030908584594726562e-01
4.554134905338287354e-01
5.226827859878540039e-01
4.602121114730834961e-01
5.909823179244995117e-01
4.650128185749053955e-01
6.025211215019226074e-01
4.443421959877014160e-01
4.120197296142578125e-01
4.979347586631774902e-01
5.194160938262939453e-01
4.636498093605041504e-01
4.075568914413452148e-01
4.136080741882324219e-01
5.906423330307006836e-01
5.421722531318664551e-01
5.767754912376403809e-01
5.612661242485046387e-01
4.598491191864013672e-01
4.122791886329650879e-01
5.093307495117187500e-01
4.371477961540222168e-01
5.290316939353942871e-01
4.427295327186584473e-01
5.320553183555603027e-01
5.535506010055541992e-01
5.441566705703735352e-01
5.468928813934326172e-01
5.559209585189819336e-01
5.415861606597900391e-01
5.917965769767761230e-01
4.972859621047973633e-01
4.884743690490722656e-01
5.031348466873168945e-01
4.879915714263916016e-01
5.006721615791320801e-01
4.860312938690185547e-01
5.428845286369323730e-01
4.810537099838256836e-01
5.088199973106384277e-01
4.947785437107086182e-01
4.130197763442993164e-01
4.584462046623229980e-01
5.547564029693603516e-01
4.743121266365051270e-01
6.314681768417358398e-01
4.488435685634613037e-01
4.777062833309173584e-01
5.151450037956237793e-01
5.266934633255004883e-01
5.580286979675292969e-01
4.547947049140930176e-01
5.540081858634948730e-01
5.270234942436218262e-01
5.085859894752502441e-01
5.143881440162658691e-01
5.851029157638549805e-01
6.418736577033996582e-01
5.207856297492980957e-01
5.390440225601196289e-01
4.842026233673095703e-01
4.870024621486663818e-01
5.657507777214050293e-01
5.332703590393066406e-01
6.493911147117614746e-01
5.498631000518798828e-01
5.125393867492675781e-01
5.036555528640747070e-01
4.781313240528106689e-01
5.023773908615112305e-01
5.328001976013183594e-01
4.763205945491790771e-01
3.991338610649108887e-01
4.187749624252319336e-01
5.227557420730590820e-01
5.592769980430603027e-01
4.702653288841247559e-01
5.300961136817932129e-01
4.524388313293457031e-01
5.700314044952392578e-01
4.685716331005096436e-01
5.157287120819091797e-01
5.778332948684692383e-01
4.968309402465820312e-01
4.801296591758728027e-01
4.973944127559661865e-01
5.798218250274658203e-01
4.266905188560485840e-01
4.665376543998718262e-01
4.761792421340942383e-01
4.070446491241455078e-01
5.922977924346923828e-01
5.578855276107788086e-01
5.369904041290283203e-01
4.922190308570861816e-01
4.655894935131072998e-01
4.908148348331451416e-01
5.348159074783325195e-01
5.335614085197448730e-01
4.889305830001831055e-01
5.005424022674560547e-01
4.964169561862945557e-01
5.355150699615478516e-01
4.328853487968444824e-01
4.569194912910461426e-01
6.399568319320678711e-01
6.230710744857788086e-01
6.021606922149658203e-01
5.405616760253906250e-01
5.354474186897277832e-01
5.902496576309204102e-01
5.569041967391967773e-01
4.734597802162170410e-01
4.568608999252319336e-01
4.903344213962554932e-01
5.261884927749633789e-01
5.376880168914794922e-01
5.494382381439208984e-01
5.768811106681823730e-01
4.846405386924743652e-01
6.101363897323608398e-01
5.975252389907836914e-01
5.617285966873168945e-01
4.797375500202178955e-01
5.219310522079467773e-01
4.740260243415832520e-01
5.064072608947753906e-01
4.695560634136199951e-01
5.227400660514831543e-01
5.632029771804809570e-01
5.201678276062011719e-01
5.926461815834045410e-01
5.224137902259826660e-01
4.842403531074523926e-01
5.234886407852172852e-01
5.022751092910766602e-01
5.735688805580139160e-01
5.238492488861083984e-01
4.885766208171844482e-01
4.270192980766296387e-01
4.903382062911987305e-01
5.117570161819458008e-01
5.820307731628417969e-01
5.440148115158081055e-01
5.446107387542724609e-01
6.190610527992248535e-01
5.925704240798950195e-01
5.329363942146301270e-01
5.565962791442871094e-01
4.925392270088195801e-01
5.648396611213684082e-01
5.730404853820800781e-01
4.663664102554321289e-01
4.323568046092987061e-01
5.258507728576660156e-01
5.223833322525024414e-01
5.204522609710693359e-01
5.281658172607421875e-01
5.368164777755737305e-01
4.684927463531494141e-01
5.389228463172912598e-01
5.544928312301635742e-01
4.834987223148345947e-01
5.343410968780517578e-01
4.540330171585083008e-01
5.438835620880126953e-01
5.391329526901245117e-01
5.609624385833740234e-01
5.414967536926269531e-01
5.517209768295288086e-01
6.491681337356567383e-01
5.266147851943969727e-01
4.577931761741638184e-01
5.727444291114807129e-01
4.748642444610595703e-01
5.176088213920593262e-01
4.836948812007904053e-01
4.831562638282775879e-01
5.998755693435668945e-01
5.879310369491577148e-01
6.033762693405151367e-01
6.583419442176818848e-01
6.140111684799194336e-01
5.901681780815124512e-01
5.336408615112304688e-01
4.936393201351165771e-01
4.675110280513763428e-01
4.731104373931884766e-01
4.720548391342163086e-01
5.755430459976196289e-01
6.038888096809387207e-01
5.035278797149658203e-01
6.190708279609680176e-01
5.736583471298217773e-01
5.903084278106689453e-01
5.379781723022460938e-01
4.949893951416015625e-01
5.039494037628173828e-01
4.716919064521789551e-01
5.228089094161987305e-01
4.859941005706787109e-01
5.631821155548095703e-01
5.146037936210632324e-01
5.865845680236816406e-01
4.900768101215362549e-01
5.214881896972656250e-01
5.055229663848876953e-01
5.620807409286499023e-01
6.279073953628540039e-01
5.505818724632263184e-01
5.683113336563110352e-01
4.980456829071044922e-01
5.130267739295959473e-01
4.804283678531646729e-01
5.923867225646972656e-01
5.641673803329467773e-01
4.892609417438507080e-01
5.364451408386230469e-01
5.763888359069824219e-01
5.042382478713989258e-01
5.642248392105102539e-01
5.194645524024963379e-01
5.685112476348876953e-01
5.376166105270385742e-01
5.537895560264587402e-01
4.942001998424530029e-01
4.914851486682891846e-01
5.301877260208129883e-01
5.537953972816467285e-01
5.563061833381652832e-01
4.841436147689819336e-01
5.483831763267517090e-01
4.631170034408569336e-01
4.603390097618103027e-01
5.471287965774536133e-01
4.919860363006591797e-01
4.950640499591827393e-01
5.523576736450195312e-01
5.835898518562316895e-01
5.951094031333923340e-01
6.190785169601440430e-01
5.359537005424499512e-01
4.282765984535217285e-01
5.016167163848876953e-01
5.532627105712890625e-01
5.420147180557250977e-01
5.242786407470703125e-01
4.823612868785858154e-01
5.457219481468200684e-01
6.052509546279907227e-01
5.641881227493286133e-01
5.619772672653198242e-01
5.403310060501098633e-01
5.047104358673095703e-01
5.789521932601928711e-01
5.216523408889770508e-01
5.366329550743103027e-01
5.167320370674133301e-01
4.891119003295898438e-01
4.850912690162658691e-01
5.245540142059326172e-01
6.294530630111694336e-01
5.072809457778930664e-01
6.151579618453979492e-01
5.400056838989257812e-01
5.504113435745239258e-01
6.259145140647888184e-01
6.073018908500671387e-01
5.754349231719970703e-01
5.529710054397583008e-01
6.388412714004516602e-01
6.648286581039428711e-01
5.385977029800415039e-01
5.899416208267211914e-01
5.323246717453002930e-01
5.077202916145324707e-01
5.943322181701660156e-01
4.798029065132141113e-01
5.542106628417968750e-01
5.185903310775756836e-01
5.601261854171752930e-01
5.157092809677124023e-01
5.940750837326049805e-01
5.524331331253051758e-01
5.536186695098876953e-01
5.426044464111328125e-01
5.848220586776733398e-01
5.072892308235168457e-01
5.033700466156005859e-01
4.644799232482910156e-01
4.671060740947723389e-01
5.611338615417480469e-01
5.713223218917846680e-01
5.540777444839477539e-01
5.246258974075317383e-01
6.796013116836547852e-01
5.132532119750976562e-01
5.449249148368835449e-01
5.049425363540649414e-01
5.838415026664733887e-01
5.051045417785644531e-01
5.300604104995727539e-01
5.259563922882080078e-01
4.501949250698089600e-01
4.840965270996093750e-01
5.652222037315368652e-01
5.431234240531921387e-01
5.150502324104309082e-01
4.910365343093872070e-01
4.875599443912506104e-01
5.231353640556335449e-01
6.067737340927124023e-01
5.288134813308715820e-01
4.809467196464538574e-01
4.944449961185455322e-01
4.909677505493164062e-01
5.247005820274353027e-01
5.428662300109863281e-01
5.964255928993225098e-01
6.189823150634765625e-01
6.429969072341918945e-01
6.752707362174987793e-01
4.994298815727233887e-01
5.623472929000854492e-01
6.140280961990356445e-01
5.268216729164123535e-01
5.410341024398803711e-01
4.865321218967437744e-01
5.801685452461242676e-01
4.585206210613250732e-01
4.757740199565887451e-01
5.325031280517578125e-01
6.070567965507507324e-01
5.738331079483032227e-01
5.442975759506225586e-01
5.037178993225097656e-01
5.312295556068420410e-01
5.881487131118774414e-01
4.639318883419036865e-01
5.246362686157226562e-01
5.056252479553222656e-01
5.069566965103149414e-01
4.991192817687988281e-01
5.372781157493591309e-01
4.812002480030059814e-01
4.741974472999572754e-01
6.009123325347900391e-01
4.868558943271636963e-01
5.393895506858825684e-01
5.124868154525756836e-01
4.996237158775329590e-01
5.537941455841064453e-01
5.908660292625427246e-01
5.385843515396118164e-01
5.489359498023986816e-01
6.393810510635375977e-01
4.639619886875152588e-01
4.557356536388397217e-01
6.484405398368835449e-01
4.827077388763427734e-01
6.213889122009277344e-01
6.075125932693481445e-01
5.430319309234619141e-01
5.135273337364196777e-01
5.094316601753234863e-01
5.732672214508056641e-01
5.309770703315734863e-01
4.445264339447021484e-01
5.541252493858337402e-01
6.067196130752563477e-01
5.311071872711181641e-01
5.093222856521606445e-01
5.372579097747802734e-01
5.588854551315307617e-01
5.145294666290283203e-01
5.235698223114013672e-01
6.633267402648925781e-01
5.375510454177856445e-01
5.214340686798095703e-01
5.462875366210937500e-01
4.952034354209899902e-01
5.012209415435791016e-01
4.794566035270690918e-01
5.524672269821166992e-01
6.215156316757202148e-01
5.031293034553527832e-01
5.972737073898315430e-01
4.698899388313293457e-01
5.273413062095642090e-01
5.732961893081665039e-01
5.346743464469909668e-01
5.107346773147583008e-01
5.487805008888244629e-01
4.794043600559234619e-01
5.241480469703674316e-01
5.418834686279296875e-01
5.357924699783325195e-01
5.846885442733764648e-01
5.766952037811279297e-01
5.927940607070922852e-01
5.534211397171020508e-01
5.576670169830322266e-01
5.277432203292846680e-01
5.286841392517089844e-01
5.317823886871337891e-01
4.772285819053649902e-01
5.257812142372131348e-01
5.623951554298400879e-01
5.567814111709594727e-01
5.505548119544982910e-01
5.700374841690063477e-01
5.118081569671630859e-01
5.308278799057006836e-01
5.790805220603942871e-01
4.701976180076599121e-01
7.057477235794067383e-01
5.514863729476928711e-01
4.620161652565002441e-01
4.881707727909088135e-01
5.745360851287841797e-01
5.085794329643249512e-01
6.356359124183654785e-01
5.183235406875610352e-01
5.073241591453552246e-01
6.114909648895263672e-01
6.147736310958862305e-01
5.392770171165466309e-01
5.380359888076782227e-01
5.620343685150146484e-01
4.593228995800018311e-01
5.302039384841918945e-01
6.016024351119995117e-01
4.574166834354400635e-01
5.497918128967285156e-01
4.690462350845336914e-01
5.870157480239868164e-01
4.853941500186920166e-01
5.287818908691406250e-01
5.694649815559387207e-01
5.143797397613525391e-01
5.306663513183593750e-01
5.199613571166992188e-01
6.690835952758789062e-01
5.967401266098022461e-01
5.203728079795837402e-01
5.833871364593505859e-01
5.651547908782958984e-01
4.970753490924835205e-01
5.303467512130737305e-01
6.209692358970642090e-01
6.100927591323852539e-01
6.043648719787597656e-01
5.472059249877929688e-01
5.833067893981933594e-01
5.574030876159667969e-01
4.758832752704620361e-01
4.421196579933166504e-01
5.256257057189941406e-01
4.843405783176422119e-01
5.569299459457397461e-01
5.139548778533935547e-01
5.807010531425476074e-01
6.044790744781494141e-01
5.376460552215576172e-01
5.758054256439208984e-01
5.850794315338134766e-01
5.521115660667419434e-01
5.092203617095947266e-01
6.027929782867431641e-01
5.205559730529785156e-01
5.304059982299804688e-01
5.604761838912963867e-01
5.435532927513122559e-01
5.033730268478393555e-01
5.019314289093017578e-01
5.101517438888549805e-01
6.564970016479492188e-01
6.017451882362365723e-01
5.636978745460510254e-01
5.317711830139160156e-01
6.812995076179504395e-01
5.651621818542480469e-01
5.400002002716064453e-01
5.192207098007202148e-01
5.402243733406066895e-01
4.833512306213378906e-01
5.039929151535034180e-01
5.325513482093811035e-01
5.214587450027465820e-01
6.388288140296936035e-01
5.927233695983886719e-01
5.247429609298706055e-01
5.502617359161376953e-01
6.118406653404235840e-01
4.118940234184265137e-01
4.763360619544982910e-01
4.983708262443542480e-01
4.875147938728332520e-01
5.096316337585449219e-01
5.740011930465698242e-01
6.265337467193603516e-01
6.457405090332031250e-01
5.694522857666015625e-01
5.190923213958740234e-01
4.412368237972259521e-01
5.433648824691772461e-01
4.974893331527709961e-01
6.510581970214843750e-01
5.799551010131835938e-01
5.391669273376464844e-01
5.963023900985717773e-01
6.420895457267761230e-01
4.772256910800933838e-01
5.525271296501159668e-01
5.490456223487854004e-01
5.320865511894226074e-01
5.949635505676269531e-01
5.457670688629150391e-01
5.221636891365051270e-01
5.639585256576538086e-01
5.495186448097229004e-01
4.619161188602447510e-01
5.138684511184692383e-01
5.957416892051696777e-01
5.271874070167541504e-01
5.105249285697937012e-01
5.046195983886718750e-01
6.217098236083984375e-01
5.902109146118164062e-01
5.210535526275634766e-01
5.616580247879028320e-01
6.066175103187561035e-01
6.170569658279418945e-01
5.270723104476928711e-01
6.253504753112792969e-01
4.860178530216217041e-01
5.291091203689575195e-01
4.562773704528808594e-01
6.011574268341064453e-01
6.495261192321777344e-01
5.867828130722045898e-01
5.711314678192138672e-01
5.648806095123291016e-01
5.349867343902587891e-01
4.556599259376525879e-01
5.566498041152954102e-01
5.848166942596435547e-01
5.025600194931030273e-01
5.464620590209960938e-01
5.417594313621520996e-01
6.080232858657836914e-01
6.323848962783813477e-01
6.188921928405761719e-01
5.702673792839050293e-01
5.608946084976196289e-01
4.723513126373291016e-01
4.766391515731811523e-01
5.094289183616638184e-01
4.888224303722381592e-01
4.628660082817077637e-01
5.204330086708068848e-01
5.304970741271972656e-01
5.333225727081298828e-01
6.148887872695922852e-01
5.699754953384399414e-01
4.978484809398651123e-01
5.388529300689697266e-01
5.865548849105834961e-01
5.196678638458251953e-01
5.293356180191040039e-01
5.288014411926269531e-01
5.952035188674926758e-01
5.680137872695922852e-01
6.011561751365661621e-01
5.045435428619384766e-01
6.496894359588623047e-01
4.307160377502441406e-01
5.266366600990295410e-01
5.293799638748168945e-01
5.438199043273925781e-01
5.591912269592285156e-01
5.701110363006591797e-01
5.684352517127990723e-01
5.734192132949829102e-01
5.875164270401000977e-01
6.158234477043151855e-01
5.220506191253662109e-01
4.389167428016662598e-01
5.027029514312744141e-01
5.309166908264160156e-01
5.349286794662475586e-01
5.948483943939208984e-01
5.190109014511108398e-01
6.179996728897094727e-01
5.545427203178405762e-01
5.166205763816833496e-01
5.101456642150878906e-01
5.612877607345581055e-01
5.451303720474243164e-01
5.298345088958740234e-01
5.754202604293823242e-01
6.216567754745483398e-01
4.950693845748901367e-01
4.579566121101379395e-01
5.151520371437072754e-01
5.596461296081542969e-01
5.678607225418090820e-01
5.235522985458374023e-01
5.740664005279541016e-01
5.934226512908935547e-01
5.765897035598754883e-01
6.151958703994750977e-01
5.501263737678527832e-01
4.897483587265014648e-01
5.008366107940673828e-01
5.554623603820800781e-01
5.921869277954101562e-01
5.098662376403808594e-01
5.191764831542968750e-01
5.697879791259765625e-01
5.581952929496765137e-01
6.164084672927856445e-01
6.073186397552490234e-01
5.569776296615600586e-01
5.162690877914428711e-01
5.654623508453369141e-01
5.256469249725341797e-01
5.726574659347534180e-01
5.285418033599853516e-01
4.828441143035888672e-01
5.796533823013305664e-01
5.998660326004028320e-01
4.855279326438903809e-01
4.417114257812500000e-01
4.897365570068359375e-01
6.040971279144287109e-01
6.325901746749877930e-01
5.162816047668457031e-01
6.215360164642333984e-01
5.663606524467468262e-01
5.374720692634582520e-01
5.093816518783569336e-01
4.533178210258483887e-01
6.081693172454833984e-01
5.335693955421447754e-01
5.212764739990234375e-01
5.409524440765380859e-01
6.424410939216613770e-01
6.142728328704833984e-01
5.664803981781005859e-01
5.683089494705200195e-01
5.916782617568969727e-01
6.115460991859436035e-01
5.559304952621459961e-01
5.334964394569396973e-01
5.780727863311767578e-01
5.780048370361328125e-01
6.198219060897827148e-01
5.487157106399536133e-01
5.556740164756774902e-01
5.534099936485290527e-01
5.888359546661376953e-01
6.277300119400024414e-01
5.873889923095703125e-01
5.868932604789733887e-01
5.790305137634277344e-01
5.476452708244323730e-01
5.058662891387939453e-01
6.141067743301391602e-01
5.181303024291992188e-01
5.875609517097473145e-01
5.753315687179565430e-01
4.736491143703460693e-01
4.896714389324188232e-01
6.269167661666870117e-01
5.963746309280395508e-01
5.512640476226806641e-01
5.833951830863952637e-01
5.876392126083374023e-01
5.644217729568481445e-01
5.092442035675048828e-01
5.023374557495117188e-01
4.821879267692565918e-01
4.962449669837951660e-01
5.549448728561401367e-01
6.360507011413574219e-01
5.321092605590820312e-01
5.027003884315490723e-01
5.566098690032958984e-01
5.431728363037109375e-01
5.464783906936645508e-01
5.553101301193237305e-01
5.274808406829833984e-01
5.421849489212036133e-01
5.909878015518188477e-01
5.945885777473449707e-01
5.944701433181762695e-01
5.394419431686401367e-01
6.281305551528930664e-01
5.480332374572753906e-01
5.394707918167114258e-01
5.703258514404296875e-01
5.014869570732116699e-01
5.731392502784729004e-01
5.530701875686645508e-01
6.425064206123352051e-01
5.600780248641967773e-01
5.221315026283264160e-01
5.849408507347106934e-01
5.512781739234924316e-01
5.734613537788391113e-01
5.750876665115356445e-01
4.423044919967651367e-01
5.446540713310241699e-01
5.333869457244873047e-01
4.697987735271453857e-01
5.628877282142639160e-01
6.446136236190795898e-01
5.050017237663269043e-01
5.942599773406982422e-01
5.073758363723754883e-01
5.670431852340698242e-01
4.911918640136718750e-01
5.411993861198425293e-01
5.689040422439575195e-01
5.513626337051391602e-01
5.769379138946533203e-01
6.012182235717773438e-01
5.712311267852783203e-01
5.474920272827148438e-01
5.340914130210876465e-01
5.063960552215576172e-01
5.105946660041809082e-01
5.047079324722290039e-01
5.600106716156005859e-01
5.464429259300231934e-01
5.265667438507080078e-01
5.607076883316040039e-01
6.644638776779174805e-01
5.585764646530151367e-01
4.734854996204376221e-01
5.894673466682434082e-01
5.731993317604064941e-01
4.778405725955963135e-01
5.976816415786743164e-01
5.592975616455078125e-01
5.467676520347595215e-01
5.544961690902709961e-01
5.601468682289123535e-01
5.798043012619018555e-01
6.819995641708374023e-01
5.852943658828735352e-01
5.015729665756225586e-01
4.836969673633575439e-01
5.786250829696655273e-01
5.414131879806518555e-01
5.169373750686645508e-01
5.180898904800415039e-01
4.990323185920715332e-01
5.928148031234741211e-01
5.476146936416625977e-01
4.943398535251617432e-01
5.488092899322509766e-01
5.794849395751953125e-01
5.687617063522338867e-01
5.432590842247009277e-01
5.723230242729187012e-01
5.715750455856323242e-01
5.861175060272216797e-01
5.305494666099548340e-01
5.634471774101257324e-01
4.833785593509674072e-01
5.623143315315246582e-01
5.803899765014648438e-01
5.340125560760498047e-01
5.548936128616333008e-01
5.767802000045776367e-01
5.768499374389648438e-01
6.332835555076599121e-01
5.832424163818359375e-01
5.733318328857421875e-01
5.011540055274963379e-01
4.961106479167938232e-01
5.282897949218750000e-01
5.561366081237792969e-01
4.856892228126525879e-01
5.184146165847778320e-01
4.577208757400512695e-01
6.243293881416320801e-01
6.235450506210327148e-01
6.309299468994140625e-01
5.524907112121582031e-01
5.201449394226074219e-01
6.097260713577270508e-01
5.315690636634826660e-01
5.192056298255920410e-01
5.300834774971008301e-01
6.234828233718872070e-01
5.825464129447937012e-01
5.995364785194396973e-01
6.089316606521606445e-01
5.678895115852355957e-01
5.294876694679260254e-01
4.890582859516143799e-01
5.549942851066589355e-01
5.449856519699096680e-01
5.223159790039062500e-01
4.684357047080993652e-01
5.656151771545410156e-01
5.669165253639221191e-01
4.999090135097503662e-01
4.983976781368255615e-01
6.268971562385559082e-01
4.786879122257232666e-01
5.477123260498046875e-01
5.131094455718994141e-01
5.688090324401855469e-01
5.000972151756286621e-01
5.654618740081787109e-01
5.819432735443115234e-01
6.085780858993530273e-01
5.412250161170959473e-01
5.439121723175048828e-01
5.412477254867553711e-01
5.770733952522277832e-01
5.959752798080444336e-01
5.683422088623046875e-01
6.306869983673095703e-01
5.103199481964111328e-01
6.087245941162109375e-01
5.879967212677001953e-01
5.364837646484375000e-01
5.615006089210510254e-01
6.215951442718505859e-01
5.213891267776489258e-01
5.116719603538513184e-01
6.009155511856079102e-01
5.366970300674438477e-01
6.237858533859252930e-01
5.728060007095336914e-01
6.519428491592407227e-01
6.045979261398315430e-01
5.584235191345214844e-01
5.698634386062622070e-01
6.191889047622680664e-01
5.220495462417602539e-01
5.784448385238647461e-01
5.484085083007812500e-01
5.566823482513427734e-01
4.760660529136657715e-01
6.291990280151367188e-01
6.146836876869201660e-01
4.819063246250152588e-01
5.304483175277709961e-01
5.507421493530273438e-01
5.111559629440307617e-01
4.846767783164978027e-01
5.225317478179931641e-01
5.366942286491394043e-01
5.594787597656250000e-01
5.745052099227905273e-01
5.323395133018493652e-01
5.800366401672363281e-01
6.919072866439819336e-01
5.174742341041564941e-01
5.942945480346679688e-01
5.347162485122680664e-01
5.417929291725158691e-01
6.065380573272705078e-01
5.250499248504638672e-01
5.649513006210327148e-01
5.758230686187744141e-01
5.901890993118286133e-01
4.869071543216705322e-01
5.419830083847045898e-01
5.767351984977722168e-01
5.622121095657348633e-01
4.937433898448944092e-01
5.991406440734863281e-01
6.338872909545898438e-01
5.947138071060180664e-01
5.622421503067016602e-01
5.534024238586425781e-01
5.250603556632995605e-01
5.533575415611267090e-01
5.402435660362243652e-01
5.283036828041076660e-01
5.974395275115966797e-01
5.327618122100830078e-01
5.852891206741333008e-01
6.327044963836669922e-01
5.885055065155029297e-01
5.992228984832763672e-01
5.748634338378906250e-01
5.196880102157592773e-01
5.729797482490539551e-01
5.806864500045776367e-01
5.831035971641540527e-01
5.605729818344116211e-01
5.494036078453063965e-01
4.502498805522918701e-01
5.265215039253234863e-01
5.747894048690795898e-01
5.816206932067871094e-01
6.165062189102172852e-01
6.071410775184631348e-01
5.740026235580444336e-01
5.699127912521362305e-01
5.461378097534179688e-01
5.735056996345520020e-01
6.177616119384765625e-01
5.585733056068420410e-01
5.277370214462280273e-01
5.774675607681274414e-01
6.003119945526123047e-01
5.617617964744567871e-01
6.237809658050537109e-01
6.061998605728149414e-01
5.541086196899414062e-01
5.987648367881774902e-01
5.397856235504150391e-01
5.511788129806518555e-01
5.427004098892211914e-01
5.866283178329467773e-01
5.665444135665893555e-01
6.357641816139221191e-01
5.029491186141967773e-01
5.126026868820190430e-01
5.555590391159057617e-01
5.819293260574340820e-01
5.283580422401428223e-01
5.193042755126953125e-01
6.324399709701538086e-01
5.755175352096557617e-01
5.170815587043762207e-01
5.079575777053833008e-01
5.715153813362121582e-01
5.533735752105712891e-01
5.183237791061401367e-01
5.398986339569091797e-01
6.390492916107177734e-01
5.554649829864501953e-01
5.061094760894775391e-01
5.876486897468566895e-01
5.604722499847412109e-01
5.424870848655700684e-01
6.173360943794250488e-01
5.532222390174865723e-01
6.042108535766601562e-01
5.810838341712951660e-01
5.220968723297119141e-01
5.532790422439575195e-01
6.684771776199340820e-01
5.641566514968872070e-01
5.377104282379150391e-01
5.617395639419555664e-01
6.005158424377441406e-01
5.744978189468383789e-01
5.494301319122314453e-01
6.411077976226806641e-01
4.895647466182708740e-01
5.142772793769836426e-01
5.897249579429626465e-01
5.668830871582031250e-01
5.106927156448364258e-01
5.635736584663391113e-01
5.812795758247375488e-01
5.700540542602539062e-01
5.445468425750732422e-01
6.045123934745788574e-01
5.412558317184448242e-01
5.606729984283447266e-01
5.758260488510131836e-01
4.805617928504943848e-01
5.708456635475158691e-01
6.226200461387634277e-01
5.118997097015380859e-01
5.650174021720886230e-01
5.862279534339904785e-01
5.732188224792480469e-01
5.741367340087890625e-01
6.158441305160522461e-01
5.665301084518432617e-01
5.761880874633789062e-01
6.439296007156372070e-01
6.214046478271484375e-01
5.770037770271301270e-01
6.198031902313232422e-01
6.408409476280212402e-01
4.862369596958160400e-01
5.160160660743713379e-01
6.588168144226074219e-01
4.691977798938751221e-01
5.629474520683288574e-01
5.535337328910827637e-01
6.347793936729431152e-01
6.600688695907592773e-01
5.781458020210266113e-01
6.241396069526672363e-01
6.145564913749694824e-01
5.727478265762329102e-01
4.204655885696411133e-01
5.762941241264343262e-01
5.509524941444396973e-01
5.363309383392333984e-01
5.801616907119750977e-01
5.214112401008605957e-01
4.944662451744079590e-01
5.299811363220214844e-01
5.685272216796875000e-01
5.122318863868713379e-01
6.014585494995117188e-01
5.134655237197875977e-01
5.567542314529418945e-01
5.495806336402893066e-01
4.987487196922302246e-01
5.109313726425170898e-01
5.553768277168273926e-01
6.139872074127197266e-01
4.339036941528320312e-01
5.987675189971923828e-01
4.869394302368164062e-01
5.779113769531250000e-01
6.575643420219421387e-01
5.864505171775817871e-01
5.430623292922973633e-01
6.163893938064575195e-01
5.550010204315185547e-01
5.211032032966613770e-01
6.046202182769775391e-01
5.533834695816040039e-01
5.796749591827392578e-01
5.198202133178710938e-01
5.673481225967407227e-01
6.427052021026611328e-01
5.577481985092163086e-01
5.530765652656555176e-01
6.528477668762207031e-01
5.396876335144042969e-01
5.770632028579711914e-01
5.230599641799926758e-01
5.726707577705383301e-01
5.750552415847778320e-01
6.417752504348754883e-01
5.760594606399536133e-01
5.836519002914428711e-01
5.370461344718933105e-01
5.082145333290100098e-01
4.948870241641998291e-01
5.550419092178344727e-01
6.222688555717468262e-01
5.893319845199584961e-01
5.680232644081115723e-01
5.466469526290893555e-01
5.108466744422912598e-01
6.165879964828491211e-01
6.328973770141601562e-01
5.407760739326477051e-01
5.793914794921875000e-01
5.451085567474365234e-01
4.809563159942626953e-01
5.581799149513244629e-01
5.429646372795104980e-01
5.448620319366455078e-01
5.706776380538940430e-01
5.214707851409912109e-01
6.459640264511108398e-01
5.410411357879638672e-01
5.871415138244628906e-01
5.921385288238525391e-01
5.747896432876586914e-01
5.036845207214355469e-01
5.143001675605773926e-01
5.118113756179809570e-01
5.988975763320922852e-01
5.910414457321166992e-01
5.958867669105529785e-01
5.169561505317687988e-01
5.360367298126220703e-01
4.811784625053405762e-01
4.829507470130920410e-01
5.952790975570678711e-01
5.244270563125610352e-01
5.452701449394226074e-01
6.517603397369384766e-01
5.289295315742492676e-01
5.249298810958862305e-01
5.055844783782958984e-01
5.669198036193847656e-01
5.398122072219848633e-01
5.485289096832275391e-01
5.628453493118286133e-01
6.393811106681823730e-01
6.091276407241821289e-01
5.945398807525634766e-01
4.832467138767242432e-01
4.862808287143707275e-01
4.765890836715698242e-01
5.506656765937805176e-01
5.545167922973632812e-01
5.946571230888366699e-01
5.693852901458740234e-01
6.299587488174438477e-01
5.022964477539062500e-01
5.401835441589355469e-01
5.459331274032592773e-01
5.539438724517822266e-01
5.145803093910217285e-01
6.381494998931884766e-01
5.648984313011169434e-01
6.200460195541381836e-01
6.272897124290466309e-01
6.261615753173828125e-01
6.646925806999206543e-01
5.499256849288940430e-01
4.978307783603668213e-01
5.361322164535522461e-01
5.912472009658813477e-01
4.837492406368255615e-01
5.321836471557617188e-01
6.146324872970581055e-01
5.761372447013854980e-01
5.731283426284790039e-01
6.328574419021606445e-01
6.107717156410217285e-01
5.446999669075012207e-01
5.534833669662475586e-01
5.979427695274353027e-01
5.150322914123535156e-01
5.662925243377685547e-01
5.398703813552856445e-01
5.797214508056640625e-01
5.707650184631347656e-01
5.602065324783325195e-01
6.180555820465087891e-01
5.117532014846801758e-01
4.930922985076904297e-01
6.063488125801086426e-01
5.542418956756591797e-01
5.538209676742553711e-01
5.871506929397583008e-01
5.701971054077148438e-01
5.602388381958007812e-01
6.158126592636108398e-01
5.601910352706909180e-01
6.003344655036926270e-01
5.723604559898376465e-01
5.767106413841247559e-01
6.023733019828796387e-01
6.250931024551391602e-01
5.815793275833129883e-01
5.351857542991638184e-01
5.333684682846069336e-01
5.503424406051635742e-01
5.578004121780395508e-01
5.954923033714294434e-01
5.713509321212768555e-01
5.955446362495422363e-01
4.837318956851959229e-01
4.864253997802734375e-01
5.336812734603881836e-01
5.163616538047790527e-01
5.892008543014526367e-01
4.916561245918273926e-01
5.514159202575683594e-01
6.322969198226928711e-01
5.878911018371582031e-01
5.735303759574890137e-01
5.235631465911865234e-01
4.685031473636627197e-01
5.980358123779296875e-01
5.462263822555541992e-01
4.931747317314147949e-01
5.750628709793090820e-01
5.702403783798217773e-01
4.997786283493041992e-01
5.870428085327148438e-01
6.376874446868896484e-01
5.034654736518859863e-01
5.963507890701293945e-01
6.542352437973022461e-01
5.745981931686401367e-01
5.573494434356689453e-01
5.752903819084167480e-01
4.951813519001007080e-01
6.116116642951965332e-01
5.552781820297241211e-01
5.107612609863281250e-01
5.500279068946838379e-01
5.868060588836669922e-01
5.022237896919250488e-01
5.756150484085083008e-01
6.019176244735717773e-01
5.686028599739074707e-01
5.764632225036621094e-01
5.763344764709472656e-01
5.235234498977661133e-01
5.629335641860961914e-01
4.879251122474670410e-01
5.377330780029296875e-01
5.761567950248718262e-01
6.328935623168945312e-01
5.898640155792236328e-01
5.872913002967834473e-01
5.068079233169555664e-01
5.665444135665893555e-01
5.546492338180541992e-01
5.808171033859252930e-01
6.031658649444580078e-01
6.309385299682617188e-01
5.018063783645629883e-01
5.543125867843627930e-01
5.468747615814208984e-01
5.346361398696899414e-01
5.916236639022827148e-01
6.153380870819091797e-01
5.282790064811706543e-01
6.059622764587402344e-01
5.873042345046997070e-01
5.817825198173522949e-01
5.572688579559326172e-01
5.047729015350341797e-01
6.169781088829040527e-01
5.571818351745605469e-01
6.102814674377441406e-01
4.610278904438018799e-01
5.838690996170043945e-01
5.217695236206054688e-01
4.927033185958862305e-01
5.692356824874877930e-01
5.759357213973999023e-01
5.471904277801513672e-01
5.672210454940795898e-01
5.512515902519226074e-01
4.619277119636535645e-01
5.573028326034545898e-01
6.617185473442077637e-01
4.927461147308349609e-01
5.605465173721313477e-01
5.027904510498046875e-01
5.521119832992553711e-01
4.988141059875488281e-01
6.809411048889160156e-01
5.410403013229370117e-01
5.969429016113281250e-01
6.158934831619262695e-01
6.388498544692993164e-01
6.163192987442016602e-01
6.312229633331298828e-01
5.324855446815490723e-01
6.409875154495239258e-01
6.170636415481567383e-01
4.846394956111907959e-01
5.594278573989868164e-01
5.677253007888793945e-01
6.234142780303955078e-01
6.059330701828002930e-01
5.157501697540283203e-01
5.339760780334472656e-01
5.840088129043579102e-01
5.987431406974792480e-01
5.755467414855957031e-01
6.064211130142211914e-01
5.484811067581176758e-01
5.961520671844482422e-01
6.120738983154296875e-01
6.313107013702392578e-01
5.688084363937377930e-01
5.839247703552246094e-01
5.112011432647705078e-01
5.738304853439331055e-01
5.070136785507202148e-01
5.855516791343688965e-01
5.894814133644104004e-01
6.988402009010314941e-01
5.650280714035034180e-01
5.447810888290405273e-01
5.823209881782531738e-01
5.611000061035156250e-01
6.327477693557739258e-01
5.070039033889770508e-01
4.638811945915222168e-01
6.000929474830627441e-01
5.652093887329101562e-01
4.953358471393585205e-01
5.680148601531982422e-01
5.459805727005004883e-01
6.158719062805175781e-01
5.646708011627197266e-01
5.189425945281982422e-01
5.485817790031433105e-01
5.638151168823242188e-01
5.531937479972839355e-01
6.026743650436401367e-01
5.929847955703735352e-01
6.241654157638549805e-01
4.855126142501831055e-01
5.837537050247192383e-01
6.586083769798278809e-01
5.183198451995849609e-01
5.887166261672973633e-01
5.717750787734985352e-01
5.900095701217651367e-01
4.983624815940856934e-01
5.529603958129882812e-01
6.168817281723022461e-01
5.207282304763793945e-01
4.776272773742675781e-01
5.308439731597900391e-01
5.338807106018066406e-01
6.075955629348754883e-01
6.285194158554077148e-01
6.210322380065917969e-01
5.238479375839233398e-01
5.491867065429687500e-01
6.118571758270263672e-01
6.259946823120117188e-01
5.899471044540405273e-01
5.390475988388061523e-01
4.941385090351104736e-01
5.173060894012451172e-01
6.098387837409973145e-01
6.088081002235412598e-01
5.695575475692749023e-01
6.268396377563476562e-01
6.245795488357543945e-01
6.554611921310424805e-01
5.752370357513427734e-01
6.183207035064697266e-01
4.959669411182403564e-01
5.072102546691894531e-01
5.429009795188903809e-01
5.724314451217651367e-01
6.146634817123413086e-01
6.615173816680908203e-01
5.843040347099304199e-01
6.122156381607055664e-01
5.601736903190612793e-01
5.987027883529663086e-01
5.657477974891662598e-01
5.736998319625854492e-01
5.878300666809082031e-01
5.647758245468139648e-01
5.711957216262817383e-01
6.402572393417358398e-01
5.839006900787353516e-01
5.215919017791748047e-01
5.804440975189208984e-01
4.782300591468811035e-01
6.366465091705322266e-01
6.996015906333923340e-01
5.626877546310424805e-01
6.742505431175231934e-01
6.768341064453125000e-01
6.932177543640136719e-01
6.125903725624084473e-01
6.138527989387512207e-01
6.253958940505981445e-01
5.205500125885009766e-01
5.940248966217041016e-01
5.538036227226257324e-01
5.869001150131225586e-01
5.448622703552246094e-01
5.535943508148193359e-01
5.428274869918823242e-01
6.578111648559570312e-01
6.299231052398681641e-01
5.869343280792236328e-01
6.010243296623229980e-01
5.628571510314941406e-01
5.436366200447082520e-01
5.572558641433715820e-01
5.825139284133911133e-01
5.922294855117797852e-01
5.593955516815185547e-01
6.844731569290161133e-01
5.674781799316406250e-01
5.473502874374389648e-01
5.987715721130371094e-01
5.752003788948059082e-01
5.943822860717773438e-01
6.252783536911010742e-01
6.258427500724792480e-01
5.391833782196044922e-01
6.404880881309509277e-01
4.709658920764923096e-01
6.378217935562133789e-01
5.233573913574218750e-01
6.603156328201293945e-01
5.890648961067199707e-01
6.193624734878540039e-01
5.814284086227416992e-01
5.436184406280517578e-01
5.017663836479187012e-01
5.151954293251037598e-01
5.569143891334533691e-01
6.661893129348754883e-01
6.871471405029296875e-01
5.623496770858764648e-01
5.850454568862915039e-01
5.985677242279052734e-01
5.592589378356933594e-01
5.737375020980834961e-01
5.376658439636230469e-01
5.906932950019836426e-01
6.211102604866027832e-01
5.883631706237792969e-01
5.429661273956298828e-01
6.039566993713378906e-01
6.945964097976684570e-01
5.802635550498962402e-01
6.287461519241333008e-01
5.730767250061035156e-01
6.089216470718383789e-01
5.330985784530639648e-01
5.288462638854980469e-01
5.926350355148315430e-01
5.954179167747497559e-01
5.296913385391235352e-01
5.603867769241333008e-01
5.698809027671813965e-01
6.226153373718261719e-01
5.381022691726684570e-01
5.772188901901245117e-01
6.034582853317260742e-01
5.764237642288208008e-01
5.854420661926269531e-01
5.872726440429687500e-01
4.687888920307159424e-01
5.241367220878601074e-01
5.450421571731567383e-01
5.654575824737548828e-01
5.945924520492553711e-01
6.280323266983032227e-01
5.653192400932312012e-01
5.993003845214843750e-01
5.882351398468017578e-01
6.824818849563598633e-01
5.332990288734436035e-01
5.625715851783752441e-01
5.008532404899597168e-01
6.267203092575073242e-01
6.365507841110229492e-01
5.615782737731933594e-01
6.009151935577392578e-01
5.893348455429077148e-01
5.631517171859741211e-01
5.545190572738647461e-01
5.450186133384704590e-01
5.338315963745117188e-01
6.142418384552001953e-01
5.967696905136108398e-01
5.042465925216674805e-01
5.812437534332275391e-01
5.253419876098632812e-01
5.822737216949462891e-01
4.827010631561279297e-01
5.580450892448425293e-01
6.683896780014038086e-01
6.028282642364501953e-01
5.910843610763549805e-01
5.100216269493103027e-01
5.655053853988647461e-01
5.463598966598510742e-01
5.583468079566955566e-01
5.114638209342956543e-01
5.306568145751953125e-01
5.820242166519165039e-01
5.634377002716064453e-01
5.900291204452514648e-01
5.685747861862182617e-01
5.668503642082214355e-01
5.482178330421447754e-01
5.554327964782714844e-01
5.089319944381713867e-01
5.050201416015625000e-01
5.949854254722595215e-01
5.305213332176208496e-01
4.920637607574462891e-01
5.773922204971313477e-01
5.739922523498535156e-01
6.240593791007995605e-01
5.801970958709716797e-01
6.073054075241088867e-01
5.211813449859619141e-01
5.685008764266967773e-01
4.727447628974914551e-01
5.775704383850097656e-01
5.556067228317260742e-01
5.571812987327575684e-01
6.560997962951660156e-01
5.459294915199279785e-01
5.600948929786682129e-01
5.846428871154785156e-01
6.493796706199645996e-01
4.669811427593231201e-01
6.463916301727294922e-01
5.428739190101623535e-01
6.063112020492553711e-01
5.419286489486694336e-01
5.941455960273742676e-01
5.098716020584106445e-01
4.999836683273315430e-01
5.252952575683593750e-01
5.881398916244506836e-01
5.977746844291687012e-01
5.524127483367919922e-01
5.497564077377319336e-01
5.723963975906372070e-01
5.981236696243286133e-01
6.471447944641113281e-01
6.526768207550048828e-01
5.798416137695312500e-01
5.883915424346923828e-01
5.956118106842041016e-01
6.210187077522277832e-01
5.252680778503417969e-01
6.273404359817504883e-01
5.792692899703979492e-01
5.777059793472290039e-01
5.471252202987670898e-01
5.617209672927856445e-01
5.403119325637817383e-01
5.447709560394287109e-01
5.489933490753173828e-01
5.779910087585449219e-01
5.170817375183105469e-01
5.885987281799316406e-01
5.257118940353393555e-01
5.148922204971313477e-01
5.930898189544677734e-01
6.030367612838745117e-01
5.982466936111450195e-01
6.005751490592956543e-01
5.797402858734130859e-01
6.406792402267456055e-01
5.723007917404174805e-01
5.727938413619995117e-01
4.988006353378295898e-01
5.968685150146484375e-01
5.850666761398315430e-01
5.308525562286376953e-01
5.343477725982666016e-01
5.644467473030090332e-01
5.702875852584838867e-01
5.089955329895019531e-01
5.100367665290832520e-01
5.177544355392456055e-01
5.027011632919311523e-01
5.907010436058044434e-01
5.538753271102905273e-01
6.055580973625183105e-01
5.603499412536621094e-01
6.738957166671752930e-01
5.427482724189758301e-01
5.641251802444458008e-01
5.972979068756103516e-01
5.265312194824218750e-01
5.160064101219177246e-01
5.299440622329711914e-01
5.912103652954101562e-01
6.621570587158203125e-01
4.961480200290679932e-01
5.796083211898803711e-01
5.279679298400878906e-01
5.679602622985839844e-01
5.740106701850891113e-01
5.694889426231384277e-01
6.056914329528808594e-01
5.508422255516052246e-01
5.674566030502319336e-01
5.701435804367065430e-01
5.524078607559204102e-01
5.761089324951171875e-01
4.717753529548645020e-01
6.050035357475280762e-01
5.327312946319580078e-01
5.641692876815795898e-01
5.979125499725341797e-01
5.828198194503784180e-01
5.715579986572265625e-01
6.497946381568908691e-01
6.124013662338256836e-01
5.521572828292846680e-01
5.546671152114868164e-01
5.751905441284179688e-01
6.248918771743774414e-01
5.993186235427856445e-01
5.535126924514770508e-01
5.120141506195068359e-01
5.730298161506652832e-01
6.081176996231079102e-01
5.389997959136962891e-01
5.585911273956298828e-01
6.200275421142578125e-01
5.182545185089111328e-01
5.830559730529785156e-01
6.374944448471069336e-01
5.799791216850280762e-01
5.421335697174072266e-01
5.514012575149536133e-01
5.332132577896118164e-01
5.425622463226318359e-01
6.070904731750488281e-01
5.382534265518188477e-01
5.505384206771850586e-01
6.248234510421752930e-01
6.127241849899291992e-01
5.563027858734130859e-01
5.226835012435913086e-01
5.444691181182861328e-01
5.828205943107604980e-01
5.402815341949462891e-01
6.133939027786254883e-01
5.786662101745605469e-01
5.358797311782836914e-01
5.354565978050231934e-01
5.550302267074584961e-01
5.431289672851562500e-01
5.380321741104125977e-01
5.675417780876159668e-01
5.693584680557250977e-01
6.190042495727539062e-01
5.756927132606506348e-01
6.357406377792358398e-01
5.935408473014831543e-01
5.131855010986328125e-01
5.841547250747680664e-01
5.908654928207397461e-01
6.045520305633544922e-01
5.790820717811584473e-01
6.018344163894653320e-01
5.969855785369873047e-01
5.508016943931579590e-01
6.023446321487426758e-01
5.587735176086425781e-01
5.937699675559997559e-01
6.221950054168701172e-01
5.964611768722534180e-01
5.572913885116577148e-01
5.423310995101928711e-01
5.423828959465026855e-01
5.501149892807006836e-01
5.236300826072692871e-01
5.742059946060180664e-01
5.757188796997070312e-01
5.022183656692504883e-01
5.706472396850585938e-01
5.140290260314941406e-01
5.953420996665954590e-01
5.523788332939147949e-01
5.174797177314758301e-01
5.347927212715148926e-01
5.259752273559570312e-01
5.661972761154174805e-01
6.134430170059204102e-01
5.693365335464477539e-01
5.832520723342895508e-01
6.201704144477844238e-01
5.757480859756469727e-01
4.947060346603393555e-01
4.728635847568511963e-01
6.126568913459777832e-01
6.347658634185791016e-01
6.200934052467346191e-01
5.741784572601318359e-01
5.705730915069580078e-01
5.534203648567199707e-01
5.525490045547485352e-01
5.524992942810058594e-01
6.623995304107666016e-01
6.087108254432678223e-01
5.376634597778320312e-01
6.311177015304565430e-01
5.464396476745605469e-01
5.944490432739257812e-01
5.419409275054931641e-01
5.257194042205810547e-01
6.208570003509521484e-01
5.490770339965820312e-01
5.595616102218627930e-01
5.442401766777038574e-01
5.722790360450744629e-01
5.521527528762817383e-01
5.511574745178222656e-01
5.465553998947143555e-01
5.106054544448852539e-01
5.716753005981445312e-01
5.045114755630493164e-01
6.090204715728759766e-01
5.673462152481079102e-01
6.095679402351379395e-01
5.447835922241210938e-01
4.826205074787139893e-01
6.002568006515502930e-01
5.557408332824707031e-01
5.453006625175476074e-01
5.756560564041137695e-01
5.475882291793823242e-01
5.221838951110839844e-01
6.121680736541748047e-01
6.237677931785583496e-01
5.132843255996704102e-01
4.915142059326171875e-01
5.733464956283569336e-01
6.009681224822998047e-01
5.811393260955810547e-01
5.127504467964172363e-01
6.034446954727172852e-01
5.372340679168701172e-01
5.155678391456604004e-01
5.474395751953125000e-01
6.629650592803955078e-01
5.779674053192138672e-01
5.597369670867919922e-01
5.995197892189025879e-01
5.680121183395385742e-01
6.105010509490966797e-01
5.772560834884643555e-01
5.346751809120178223e-01
5.507092475891113281e-01
5.262583494186401367e-01
6.702747344970703125e-01
5.839564800262451172e-01
6.024274230003356934e-01
6.911697387695312500e-01
6.058441400527954102e-01
5.837336182594299316e-01
6.177231073379516602e-01
5.620316267013549805e-01
5.772347450256347656e-01
6.092598438262939453e-01
5.712386369705200195e-01
5.836689472198486328e-01
5.535662174224853516e-01
6.302498579025268555e-01
5.712664127349853516e-01
5.745497941970825195e-01
5.500174164772033691e-01
6.015658378601074219e-01
5.900635719299316406e-01
5.269397497177124023e-01
6.696507930755615234e-01
5.454282760620117188e-01
6.461040377616882324e-01
5.890782475471496582e-01
5.641529560089111328e-01
5.323258638381958008e-01
4.876801371574401855e-01
5.956560373306274414e-01
5.708500146865844727e-01
5.602911710739135742e-01
6.208106279373168945e-01
5.602884292602539062e-01
6.518374681472778320e-01
5.053216218948364258e-01
5.652527809143066406e-01
5.154044628143310547e-01
5.403611063957214355e-01
5.724148750305175781e-01
6.490082740783691406e-01
5.522386431694030762e-01
5.731163024902343750e-01
5.272001028060913086e-01
7.139986753463745117e-01
6.138216853141784668e-01
6.064009666442871094e-01
6.595262289047241211e-01
6.174137592315673828e-01
4.946132004261016846e-01
5.102733373641967773e-01
5.275070667266845703e-01
4.998639225959777832e-01
5.628483891487121582e-01
6.087424755096435547e-01
6.042227149009704590e-01
6.052268743515014648e-01
6.035814285278320312e-01
5.211142301559448242e-01
5.929715633392333984e-01
5.369923114776611328e-01
6.913292407989501953e-01
5.563746690750122070e-01
5.628167390823364258e-01
5.998938679695129395e-01
5.754808187484741211e-01
5.343565940856933594e-01
5.731370449066162109e-01
5.938099026679992676e-01
6.116096973419189453e-01
4.923933148384094238e-01
5.787193775177001953e-01
5.190320014953613281e-01
5.523066520690917969e-01
5.080414414405822754e-01
5.935755968093872070e-01
5.388916730880737305e-01
6.007128953933715820e-01
5.889974832534790039e-01
6.378636360168457031e-01
5.234985351562500000e-01
4.853433072566986084e-01
5.676745176315307617e-01
6.004492044448852539e-01
5.358628034591674805e-01
6.338251233100891113e-01
6.155378818511962891e-01
5.368858575820922852e-01
5.879768133163452148e-01
4.773972034454345703e-01
5.769926309585571289e-01
6.551793813705444336e-01
5.806856155395507812e-01
5.683472752571105957e-01
6.133563518524169922e-01
5.707471370697021484e-01
5.524263381958007812e-01
5.170300602912902832e-01
6.031905412673950195e-01
6.581379175186157227e-01
5.323762893676757812e-01
5.502649545669555664e-01
5.345758199691772461e-01
4.960202872753143311e-01
5.604426860809326172e-01
5.874751806259155273e-01
6.358387470245361328e-01
6.004408597946166992e-01
5.629687309265136719e-01
5.404642820358276367e-01
5.149649381637573242e-01
6.213795542716979980e-01
5.832916498184204102e-01
5.314127206802368164e-01
5.308325290679931641e-01
4.996382296085357666e-01
5.039698481559753418e-01
5.812711715698242188e-01
5.404388904571533203e-01
5.369528532028198242e-01
5.268293619155883789e-01
6.345899701118469238e-01
5.822954177856445312e-01
6.071197986602783203e-01
5.307534337043762207e-01
5.297808647155761719e-01
5.306134223937988281e-01
5.964540243148803711e-01
5.883187055587768555e-01
5.723687410354614258e-01
5.750420093536376953e-01
6.181398630142211914e-01
4.879699945449829102e-01
5.406141877174377441e-01
5.315043926239013672e-01
5.505769252777099609e-01
5.777882337570190430e-01
6.269023418426513672e-01
5.883718729019165039e-01
5.618175268173217773e-01
5.759895443916320801e-01
6.025797128677368164e-01
5.399871468544006348e-01
5.402141809463500977e-01
4.947327375411987305e-01
5.655127167701721191e-01
5.451187491416931152e-01
5.595026016235351562e-01
6.540995240211486816e-01
6.316300630569458008e-01
6.198481321334838867e-01
5.041866302490234375e-01
6.017657518386840820e-01
5.916668176651000977e-01
5.794734954833984375e-01
5.723886489868164062e-01
5.825761556625366211e-01
5.943787097930908203e-01
6.286976933479309082e-01
6.293447017669677734e-01
5.964502096176147461e-01
5.156775712966918945e-01
6.559349298477172852e-01
6.270111799240112305e-01
4.765639305114746094e-01
5.299569368362426758e-01
6.278079748153686523e-01
5.015240907669067383e-01
5.772839784622192383e-01
5.977514982223510742e-01
5.601486563682556152e-01
6.151206493377685547e-01
5.430518388748168945e-01
6.185796856880187988e-01
5.081883668899536133e-01
6.039812564849853516e-01
5.915917754173278809e-01
6.703930497169494629e-01
6.308311223983764648e-01
5.216344594955444336e-01
5.865156650543212891e-01
5.824564695358276367e-01
5.656383633613586426e-01
5.484586954116821289e-01
6.139662265777587891e-01
5.550301074981689453e-01
6.084614396095275879e-01
5.291837453842163086e-01
5.151398181915283203e-01
5.666298866271972656e-01
5.563755035400390625e-01
5.893546342849731445e-01
5.730109214782714844e-01
5.945249199867248535e-01
5.941188335418701172e-01
5.330658555030822754e-01
5.636898279190063477e-01
6.310569643974304199e-01
5.531553030014038086e-01
5.628151893615722656e-01
5.360057950019836426e-01
5.801951289176940918e-01
5.978264212608337402e-01
5.602380037307739258e-01
5.926097631454467773e-01
5.266952514648437500e-01
5.325596928596496582e-01
4.867387115955352783e-01
6.572766304016113281e-01
5.389162898063659668e-01
5.935561656951904297e-01
6.002188920974731445e-01
5.725234746932983398e-01
6.265059709548950195e-01
5.684103965759277344e-01
6.090082526206970215e-01
5.633652210235595703e-01
5.538854598999023438e-01
6.066491603851318359e-01
5.479223728179931641e-01
5.830085277557373047e-01
5.413984060287475586e-01
5.292472839355468750e-01
5.359735488891601562e-01
5.872219800949096680e-01
5.930954217910766602e-01
6.319800019264221191e-01
5.378072261810302734e-01
5.522282123565673828e-01
5.488022565841674805e-01
6.139321923255920410e-01
5.222780704498291016e-01
5.308793783187866211e-01
5.270830988883972168e-01
5.933039188385009766e-01
6.582490205764770508e-01
5.925886631011962891e-01
5.236204862594604492e-01
5.580558776855468750e-01
4.759122133255004883e-01
6.482145786285400391e-01
5.664024353027343750e-01
5.955435633659362793e-01
6.226602792739868164e-01
5.887902379035949707e-01
5.692125558853149414e-01
5.377791523933410645e-01
5.829457640647888184e-01
5.195307731628417969e-01
5.821322202682495117e-01
5.653077363967895508e-01
5.488830208778381348e-01
5.297387838363647461e-01
5.067549347877502441e-01
5.392405986785888672e-01
5.657431483268737793e-01
5.309777855873107910e-01
5.659539699554443359e-01
5.957574844360351562e-01
6.411806941032409668e-01
5.928663611412048340e-01
5.072286725044250488e-01
5.464587211608886719e-01
5.325284004211425781e-01
5.857253074645996094e-01
5.678199529647827148e-01
6.061216592788696289e-01
5.700911283493041992e-01
5.234760046005249023e-01
5.681855082511901855e-01
5.663725137710571289e-01
5.018969774246215820e-01
5.536526441574096680e-01
5.886958837509155273e-01
6.191349625587463379e-01
5.528786182403564453e-01
5.157157182693481445e-01
5.466592311859130859e-01
6.059818267822265625e-01
5.911421775817871094e-01
5.567153096199035645e-01
5.597667694091796875e-01
5.943111777305603027e-01
6.068198680877685547e-01
5.666077136993408203e-01
4.839383065700531006e-01
6.331967115402221680e-01
5.981732606887817383e-01
5.677967071533203125e-01
5.619763135910034180e-01
6.081645488739013672e-01
5.196157693862915039e-01
5.463371276855468750e-01
5.389416813850402832e-01
5.758633613586425781e-01
5.683382749557495117e-01
5.783140659332275391e-01
4.974286556243896484e-01
5.215971469879150391e-01
4.959637820720672607e-01
5.797877311706542969e-01
4.857075214385986328e-01
5.835874676704406738e-01
5.940942168235778809e-01
5.918482542037963867e-01
5.723075866699218750e-01
5.362358689308166504e-01
5.619668364524841309e-01
5.995637178421020508e-01
6.035848855972290039e-01
5.236841440200805664e-01
6.460136175155639648e-01
5.798654556274414062e-01
5.221970081329345703e-01
5.692670345306396484e-01
4.900905787944793701e-01
5.782810449600219727e-01
5.709893703460693359e-01
5.592322349548339844e-01
5.890539288520812988e-01
5.931866168975830078e-01
5.436359643936157227e-01
5.087406635284423828e-01
5.521963834762573242e-01
5.753532052040100098e-01
5.183421373367309570e-01
6.140643954277038574e-01
5.605451464653015137e-01
5.225560665130615234e-01
5.736920833587646484e-01
6.049267053604125977e-01
5.269145369529724121e-01
5.561321973800659180e-01
6.066125631332397461e-01
5.265295505523681641e-01
5.462354421615600586e-01
6.577461957931518555e-01
5.536869764328002930e-01
5.571969747543334961e-01
5.504073500633239746e-01
6.448553800582885742e-01
5.612007379531860352e-01
6.035406589508056641e-01
6.472058296203613281e-01
5.159742832183837891e-01
4.934297204017639160e-01
5.537621974945068359e-01
5.891985893249511719e-01
6.457829475402832031e-01
5.462801456451416016e-01
5.633250474929809570e-01
5.728706121444702148e-01
5.687258243560791016e-01
5.257533788681030273e-01
6.037545204162597656e-01
5.791307687759399414e-01
5.948486328125000000e-01
5.611568093299865723e-01
5.126336216926574707e-01
5.638757944107055664e-01
5.079656839370727539e-01
6.343897581100463867e-01
5.751535892486572266e-01
5.511863231658935547e-01
6.009126901626586914e-01
5.185071229934692383e-01
6.003114581108093262e-01
6.036538481712341309e-01
6.319023966789245605e-01
5.421732664108276367e-01
5.980397462844848633e-01
5.562596321105957031e-01
5.910791754722595215e-01
5.648983716964721680e-01
6.184012293815612793e-01
5.766118764877319336e-01
5.695378184318542480e-01
5.253549814224243164e-01
5.713570117950439453e-01
5.845125913619995117e-01
5.372749567031860352e-01
5.220367908477783203e-01
5.717600584030151367e-01
6.024276614189147949e-01
5.333242416381835938e-01
5.409130454063415527e-01
6.260293722152709961e-01
6.043145060539245605e-01
5.141810178756713867e-01
6.566383838653564453e-01
5.916513204574584961e-01
6.096527576446533203e-01
6.174424886703491211e-01
5.623934268951416016e-01
5.221849083900451660e-01
6.030615568161010742e-01
5.893753170967102051e-01
6.031044721603393555e-01
5.886093378067016602e-01
6.376504898071289062e-01
4.916556775569915771e-01
5.529925823211669922e-01
5.990322828292846680e-01
5.604053735733032227e-01
5.700156688690185547e-01
6.185634732246398926e-01
5.290184020996093750e-01
5.097634196281433105e-01
6.058214902877807617e-01
6.062113642692565918e-01
5.499261617660522461e-01
5.554184913635253906e-01
5.864992141723632812e-01
6.051186919212341309e-01
6.009202003479003906e-01
5.435678362846374512e-01
5.539148449897766113e-01
5.937618017196655273e-01
5.789713859558105469e-01
5.705266594886779785e-01
5.562298893928527832e-01
5.038427710533142090e-01
5.443468689918518066e-01
5.752232670783996582e-01
5.804423093795776367e-01
5.871429443359375000e-01
5.774863362312316895e-01
6.278032660484313965e-01
5.831404328346252441e-01
5.158195495605468750e-01
5.004904270172119141e-01
5.412614345550537109e-01
5.164180397987365723e-01
5.018501281738281250e-01
5.945243835449218750e-01
5.785322189331054688e-01
5.326273441314697266e-01
5.846002101898193359e-01
4.862845242023468018e-01
5.607967972755432129e-01
5.783682465553283691e-01
5.704115629196166992e-01
6.707719564437866211e-01
5.422397255897521973e-01
5.872644782066345215e-01
4.794371128082275391e-01
5.612586736679077148e-01
5.827947854995727539e-01
6.554634571075439453e-01
5.991373062133789062e-01
5.286613106727600098e-01
5.798732042312622070e-01
5.560067892074584961e-01
5.297746658325195312e-01
5.437346696853637695e-01
5.950987339019775391e-01
6.191691160202026367e-01
5.094180107116699219e-01
6.274967193603515625e-01
5.228738784790039062e-01
6.449460387229919434e-01
6.151918172836303711e-01
6.057488918304443359e-01
4.958988428115844727e-01
5.529028773307800293e-01
5.511763095855712891e-01
5.895221829414367676e-01
5.753889083862304688e-01
5.846056938171386719e-01
5.924899578094482422e-01
5.556232929229736328e-01
5.198094844818115234e-01
6.271057128906250000e-01
5.663135051727294922e-01
5.444303154945373535e-01
6.001800298690795898e-01
6.082081794738769531e-01
5.617573261260986328e-01
5.689703822135925293e-01
5.636984109878540039e-01
4.767583012580871582e-01
5.730879306793212891e-01
6.448249816894531250e-01
5.980604290962219238e-01
5.983733534812927246e-01
5.441924929618835449e-01
5.592079162597656250e-01
6.185294389724731445e-01
6.277712583541870117e-01
5.807713270187377930e-01
6.084268093109130859e-01
5.675492286682128906e-01
6.106996536254882812e-01
5.726110935211181641e-01
4.984765946865081787e-01
5.145007371902465820e-01
5.038448572158813477e-01
5.236145257949829102e-01
6.156904697418212891e-01
5.787996649742126465e-01
5.229510068893432617e-01
5.951305627822875977e-01
5.700769424438476562e-01
5.248394608497619629e-01
6.031279563903808594e-01
5.968935489654541016e-01
6.048115491867065430e-01
5.995874404907226562e-01
6.023753881454467773e-01
5.426240563392639160e-01
5.543857812881469727e-01
5.623687505722045898e-01
6.105161905288696289e-01
5.821791887283325195e-01
5.881580114364624023e-01
5.866816043853759766e-01
5.888334512710571289e-01
5.558512210845947266e-01
5.479229688644409180e-01
6.381006240844726562e-01
6.095365285873413086e-01
5.449213981628417969e-01
5.529592633247375488e-01
5.231597423553466797e-01
5.924674868583679199e-01
6.071866750717163086e-01
5.714980363845825195e-01
6.532850265502929688e-01
6.252215504646301270e-01
6.799259781837463379e-01
4.297150373458862305e-01
5.863983631134033203e-01
6.462596654891967773e-01
4.943389892578125000e-01
5.582355260848999023e-01
6.434487104415893555e-01
6.204478740692138672e-01
5.525881052017211914e-01
5.848413705825805664e-01
5.241125226020812988e-01
6.092815399169921875e-01
5.508848428726196289e-01
5.129505395889282227e-01
4.846701622009277344e-01
5.798377990722656250e-01
5.423104763031005859e-01
5.326548814773559570e-01
5.777587890625000000e-01
5.013940930366516113e-01
6.408630609512329102e-01
5.510607361793518066e-01
5.268667936325073242e-01
5.462542176246643066e-01
5.791701078414916992e-01
6.602241992950439453e-01
5.936745405197143555e-01
5.371863842010498047e-01
6.158878803253173828e-01
5.997062921524047852e-01
5.772294998168945312e-01
5.579192638397216797e-01
5.357792377471923828e-01
6.184327602386474609e-01
5.927407741546630859e-01
5.585724115371704102e-01
5.814747810363769531e-01
5.609177350997924805e-01
4.728834033012390137e-01
6.030647158622741699e-01
6.290897130966186523e-01
6.294879913330078125e-01
5.462285280227661133e-01
5.378876924514770508e-01
5.249585509300231934e-01
5.517812967300415039e-01
5.559926629066467285e-01
5.821125507354736328e-01
5.810975432395935059e-01
5.747931003570556641e-01
5.367019176483154297e-01
5.433148145675659180e-01
5.854591727256774902e-01
5.504532456398010254e-01
5.886849761009216309e-01
5.571306943893432617e-01
4.758106172084808350e-01
6.660811901092529297e-01
5.329725742340087891e-01
5.580981969833374023e-01
6.049495935440063477e-01
5.748842954635620117e-01
6.221189498901367188e-01
6.099336147308349609e-01
5.402116179466247559e-01
6.026759147644042969e-01
5.394203662872314453e-01
5.963755846023559570e-01
6.166568994522094727e-01
5.890241861343383789e-01
6.315145492553710938e-01
5.390779972076416016e-01
5.808674097061157227e-01
4.900435209274291992e-01
6.109701395034790039e-01
5.277555584907531738e-01
5.940787792205810547e-01
5.587257146835327148e-01
5.719424486160278320e-01
5.631194710731506348e-01
5.907415747642517090e-01
6.225957274436950684e-01
6.242407560348510742e-01
5.389169454574584961e-01
5.983121395111083984e-01
5.224651098251342773e-01
6.182724237442016602e-01
5.341949462890625000e-01
5.342209339141845703e-01
5.883472561836242676e-01
5.214903354644775391e-01
5.812123417854309082e-01
5.095290541648864746e-01
5.775418281555175781e-01
5.390813350677490234e-01
6.424115300178527832e-01
6.576493382453918457e-01
5.593190789222717285e-01
5.616983175277709961e-01
6.626877188682556152e-01
5.961313843727111816e-01
5.365391969680786133e-01
5.827626585960388184e-01
5.697558522224426270e-01
6.010769605636596680e-01
5.909049510955810547e-01
6.480203270912170410e-01
5.208381414413452148e-01
6.044621467590332031e-01
5.498868227005004883e-01
5.383688211441040039e-01
6.257240772247314453e-01
5.633414387702941895e-01
6.005296707153320312e-01
6.262083053588867188e-01
6.049584150314331055e-01
6.047117710113525391e-01
5.504131317138671875e-01
5.330497622489929199e-01
6.039362549781799316e-01
5.564851760864257812e-01
6.286148428916931152e-01
5.932378768920898438e-01
5.299119949340820312e-01
5.740098357200622559e-01
6.404999494552612305e-01
5.869673490524291992e-01
5.684190988540649414e-01
5.789979696273803711e-01
5.513215065002441406e-01
5.567382574081420898e-01
5.169506072998046875e-01
5.586036443710327148e-01
5.751668214797973633e-01
6.015266180038452148e-01
5.592418313026428223e-01
5.589511394500732422e-01
5.701823830604553223e-01
5.462682247161865234e-01
4.873786270618438721e-01
5.907678604125976562e-01
5.648583769798278809e-01
6.168885231018066406e-01
5.866550207138061523e-01
5.876425504684448242e-01
4.806599617004394531e-01
5.795072317123413086e-01
5.182662010192871094e-01
5.891846418380737305e-01
5.882753133773803711e-01
5.827948451042175293e-01
6.512932777404785156e-01
6.685737371444702148e-01
5.105089545249938965e-01
5.815223455429077148e-01
5.547255277633666992e-01
5.866429209709167480e-01
5.581691265106201172e-01
6.135125160217285156e-01
6.158246994018554688e-01
5.628762245178222656e-01
5.675266981124877930e-01
5.605052709579467773e-01
5.599994659423828125e-01
5.374823808670043945e-01
5.539966821670532227e-01
5.025711059570312500e-01
6.528308987617492676e-01
6.156731247901916504e-01
6.089053750038146973e-01
5.086945891380310059e-01
5.458356142044067383e-01
5.566712617874145508e-01
5.828683376312255859e-01
5.766167640686035156e-01
6.549876928329467773e-01
5.216699838638305664e-01
5.379655361175537109e-01
6.486389636993408203e-01
6.346920132637023926e-01
6.213784813880920410e-01
5.888063907623291016e-01
5.558280348777770996e-01
5.268112421035766602e-01
6.119366884231567383e-01
5.385271310806274414e-01
6.038041114807128906e-01
6.094017028808593750e-01
5.816121101379394531e-01
6.452775001525878906e-01
4.398642480373382568e-01
5.341890454292297363e-01
6.102035045623779297e-01
5.094445943832397461e-01
5.560107231140136719e-01
5.705533623695373535e-01
5.621198415756225586e-01
5.522027015686035156e-01
5.447831153869628906e-01
5.373035073280334473e-01
5.662206411361694336e-01
5.073369741439819336e-01
5.199017524719238281e-01
5.296340584754943848e-01
4.851894080638885498e-01
5.136485695838928223e-01
5.261449813842773438e-01
6.324560046195983887e-01
5.968902111053466797e-01
6.461992263793945312e-01
5.451456308364868164e-01
6.521920561790466309e-01
5.354599952697753906e-01
6.117892265319824219e-01
6.235754489898681641e-01
5.747702121734619141e-01
5.136774778366088867e-01
5.709038972854614258e-01
5.474735498428344727e-01
5.754108428955078125e-01
5.342995524406433105e-01
5.973242521286010742e-01
6.020739078521728516e-01
5.242529511451721191e-01
6.137298941612243652e-01
5.575386285781860352e-01
5.143303275108337402e-01
6.311776638031005859e-01
5.197466015815734863e-01
5.077277421951293945e-01
5.678662061691284180e-01
4.777013361454010010e-01
5.670252442359924316e-01
5.943192839622497559e-01
5.725514888763427734e-01
5.911083221435546875e-01
5.588100552558898926e-01
5.929677486419677734e-01
5.296709537506103516e-01
6.136533021926879883e-01
6.558684110641479492e-01
5.426625013351440430e-01
5.129433870315551758e-01
6.262052655220031738e-01
5.534601211547851562e-01
5.776496529579162598e-01
5.915693640708923340e-01
5.119398236274719238e-01
5.939037799835205078e-01
5.800622701644897461e-01
5.654624700546264648e-01
4.979821145534515381e-01
5.463864803314208984e-01
5.047385692596435547e-01
5.957301855087280273e-01
5.958428978919982910e-01
5.264914631843566895e-01
6.084895133972167969e-01
5.600512623786926270e-01
6.329405307769775391e-01
5.651237964630126953e-01
5.634045004844665527e-01
5.530748367309570312e-01
6.827113628387451172e-01
5.845881700515747070e-01
6.838231086730957031e-01
4.712841808795928955e-01
5.439909100532531738e-01
6.129612922668457031e-01
5.553356409072875977e-01
5.580159425735473633e-01
5.575330257415771484e-01
5.815863609313964844e-01
5.994284749031066895e-01
5.404995679855346680e-01
6.204524636268615723e-01
6.464482545852661133e-01
6.297388076782226562e-01
6.084890365600585938e-01
4.944128990173339844e-01
5.809057354927062988e-01
5.443692207336425781e-01
5.504343509674072266e-01
5.858128070831298828e-01
5.714006423950195312e-01
5.742501616477966309e-01
5.805933475494384766e-01
6.172353029251098633e-01
5.096473097801208496e-01
5.817289948463439941e-01
6.023408174514770508e-01
6.292370557785034180e-01
6.331655979156494141e-01
6.424750089645385742e-01
5.663384199142456055e-01
5.672178268432617188e-01
5.716634988784790039e-01
5.406869649887084961e-01
6.586630344390869141e-01
5.913439989089965820e-01
6.773517727851867676e-01
5.869039297103881836e-01
6.354557275772094727e-01
6.225607991218566895e-01
4.972457289695739746e-01
6.375530362129211426e-01
5.571805238723754883e-01
5.754899978637695312e-01
5.240507125854492188e-01
5.962563753128051758e-01
5.477263927459716797e-01
5.896151065826416016e-01
5.433185100555419922e-01
5.291082859039306641e-01
6.184401512145996094e-01
6.044521331787109375e-01
5.638890266418457031e-01
5.527089238166809082e-01
5.595314502716064453e-01
5.739625096321105957e-01
5.863759517669677734e-01
5.464680194854736328e-01
5.494947433471679688e-01
5.638947486877441406e-01
6.292179822921752930e-01
5.306262969970703125e-01
5.541483163833618164e-01
5.116271972656250000e-01
5.943305492401123047e-01
5.170205235481262207e-01
5.475016236305236816e-01
5.217323303222656250e-01
5.968013405799865723e-01
5.642401576042175293e-01
5.641914606094360352e-01
5.988218784332275391e-01
5.858521461486816406e-01
5.944312214851379395e-01
6.809853315353393555e-01
6.139569282531738281e-01
5.742502212524414062e-01
5.133662223815917969e-01
5.991451144218444824e-01
5.034154653549194336e-01
5.895334482192993164e-01
5.768738985061645508e-01
5.801430940628051758e-01
6.139082908630371094e-01
6.184417009353637695e-01
4.564497470855712891e-01
4.842490255832672119e-01
5.429562330245971680e-01
6.863655447959899902e-01
5.431180000305175781e-01
6.268174648284912109e-01
5.299386978149414062e-01
5.935105085372924805e-01
6.082862615585327148e-01
6.322978734970092773e-01
5.837498903274536133e-01
5.853703022003173828e-01
5.712639093399047852e-01
5.315637588500976562e-01
6.148296594619750977e-01
5.570241808891296387e-01
5.579850673675537109e-01
5.923998355865478516e-01
6.101278066635131836e-01
5.758816599845886230e-01
5.154424905776977539e-01
5.699900388717651367e-01
5.999670028686523438e-01
6.015347838401794434e-01
5.878798365592956543e-01
5.664012432098388672e-01
5.441750288009643555e-01
5.666210651397705078e-01
5.963258147239685059e-01
5.872119665145874023e-01
6.055022478103637695e-01
5.621686577796936035e-01
5.413677692413330078e-01
5.141882300376892090e-01
6.001507639884948730e-01
6.003904342651367188e-01
5.800307989120483398e-01
5.436481237411499023e-01
5.674873590469360352e-01
5.068463087081909180e-01
6.004331111907958984e-01
5.571388006210327148e-01
5.967794656753540039e-01
5.588060021400451660e-01
5.383632183074951172e-01
4.882175326347351074e-01
5.762012004852294922e-01
5.593351125717163086e-01
5.915604829788208008e-01
5.561799407005310059e-01
5.301396846771240234e-01
5.419863462448120117e-01
6.119229793548583984e-01
5.214939713478088379e-01
5.128818750381469727e-01
5.483087301254272461e-01
6.225053071975708008e-01
5.736827850341796875e-01
5.441952943801879883e-01
5.435198545455932617e-01
5.722171068191528320e-01
5.443578362464904785e-01
5.894024968147277832e-01
4.902904033660888672e-01
5.407552123069763184e-01
5.919713973999023438e-01
5.912535190582275391e-01
5.428532361984252930e-01
5.926233530044555664e-01
5.429086685180664062e-01
6.015999317169189453e-01
6.242941617965698242e-01
5.707182288169860840e-01
6.296573877334594727e-01
5.549904108047485352e-01
6.048192977905273438e-01
5.616208314895629883e-01
4.567670822143554688e-01
5.683575868606567383e-01
5.151264071464538574e-01
6.013821363449096680e-01
6.332210302352905273e-01
6.409118175506591797e-01
5.674757361412048340e-01
5.611046552658081055e-01
4.654699563980102539e-01
5.872758626937866211e-01
6.009090542793273926e-01
5.510067343711853027e-01
5.121935009956359863e-01
5.538603067398071289e-01
5.362452268600463867e-01
5.344963073730468750e-01
5.965646505355834961e-01
5.913597941398620605e-01
5.466176271438598633e-01
5.713239908218383789e-01
5.742388367652893066e-01
5.303990840911865234e-01
5.745620727539062500e-01
6.539007425308227539e-01
5.975899696350097656e-01
5.808557868003845215e-01
6.444472074508666992e-01
5.660139322280883789e-01
5.358573198318481445e-01
6.241465806961059570e-01
6.032991409301757812e-01
5.957584381103515625e-01
5.959753394126892090e-01
5.664994716644287109e-01
5.164763927459716797e-01
5.300906896591186523e-01
5.549367666244506836e-01
5.761281251907348633e-01
5.960415601730346680e-01
6.328856945037841797e-01
5.440169572830200195e-01
6.094434857368469238e-01
6.211445927619934082e-01
5.518290996551513672e-01
5.807674527168273926e-01
5.971370339393615723e-01
5.753957629203796387e-01
6.141556501388549805e-01
5.659884810447692871e-01
5.503090620040893555e-01
5.342516899108886719e-01
5.500720739364624023e-01
5.929610729217529297e-01
5.447397232055664062e-01
4.837169051170349121e-01
5.221345424652099609e-01
5.545508861541748047e-01
5.651516318321228027e-01
5.344653129577636719e-01
6.074507236480712891e-01
5.456126332283020020e-01
5.790244936943054199e-01
6.197912693023681641e-01
5.937319993972778320e-01
6.030119657516479492e-01
5.524067878723144531e-01
5.136613845825195312e-01
5.031620860099792480e-01
5.405443906784057617e-01
5.420975089073181152e-01
5.825023651123046875e-01
6.005159616470336914e-01
6.271966099739074707e-01
5.803064107894897461e-01
6.114974617958068848e-01
5.985003709793090820e-01
6.020152568817138672e-01
6.003006696701049805e-01
5.372976660728454590e-01
5.646735429763793945e-01
5.501698255538940430e-01
5.742098093032836914e-01
6.105952262878417969e-01
5.312572717666625977e-01
6.059151291847229004e-01
6.335213184356689453e-01
6.252217292785644531e-01
6.139708757400512695e-01
7.072644829750061035e-01
5.092675685882568359e-01
5.709513425827026367e-01
5.622789263725280762e-01
5.253803133964538574e-01
5.492975711822509766e-01
4.900375306606292725e-01
5.776492357254028320e-01
5.692485570907592773e-01
5.980069041252136230e-01
6.488204002380371094e-01
5.360714793205261230e-01
5.570278763771057129e-01
4.820956885814666748e-01
5.646161437034606934e-01
5.746432542800903320e-01
6.335011720657348633e-01
5.286689996719360352e-01
4.932211935520172119e-01
5.777738094329833984e-01
5.951092839241027832e-01
5.353627204895019531e-01
5.579925775527954102e-01
5.549857616424560547e-01
6.359953880310058594e-01
5.379471778869628906e-01
6.110463142395019531e-01
6.012673974037170410e-01
6.067979931831359863e-01
5.874528288841247559e-01
6.120561957359313965e-01
5.911008715629577637e-01
5.506870150566101074e-01
5.439769029617309570e-01
6.320674419403076172e-01
5.486473441123962402e-01
6.297427415847778320e-01
5.280812978744506836e-01
5.558450222015380859e-01
4.888373911380767822e-01
6.193841695785522461e-01
5.658271312713623047e-01
5.536450147628784180e-01
6.862442493438720703e-01
6.120700836181640625e-01
5.891588926315307617e-01
5.239361524581909180e-01
5.941852331161499023e-01
6.307696104049682617e-01
7.035258412361145020e-01
5.921874046325683594e-01
5.449590682983398438e-01
6.004085540771484375e-01
6.279973983764648438e-01
5.314682722091674805e-01
6.222106814384460449e-01
5.722392797470092773e-01
6.031101942062377930e-01
5.046041607856750488e-01
6.223704814910888672e-01
6.186870336532592773e-01
5.555931329727172852e-01
5.674014091491699219e-01
5.889392495155334473e-01
5.986148118972778320e-01
5.647294521331787109e-01
4.493199288845062256e-01
5.960510373115539551e-01
6.373647451400756836e-01
6.318252682685852051e-01
5.209022760391235352e-01
4.963836371898651123e-01
5.584318637847900391e-01
6.395122408866882324e-01
5.914202928543090820e-01
6.375089287757873535e-01
5.616406798362731934e-01
5.118541121482849121e-01
5.849914550781250000e-01
5.460816621780395508e-01
6.236712932586669922e-01
6.179637908935546875e-01
6.634081602096557617e-01
5.656427145004272461e-01
6.422675251960754395e-01
5.406794548034667969e-01
5.959784984588623047e-01
5.379543304443359375e-01
6.214060783386230469e-01
6.065773963928222656e-01
5.466032624244689941e-01
6.288744211196899414e-01
5.212389826774597168e-01
6.157939434051513672e-01
5.379150509834289551e-01
5.122895836830139160e-01
5.940982103347778320e-01
6.622025966644287109e-01
5.596596598625183105e-01
5.396916270256042480e-01
5.874380469322204590e-01
5.481349825859069824e-01
5.357066392898559570e-01
5.928996801376342773e-01
6.029111146926879883e-01
6.453396081924438477e-01
5.443360805511474609e-01
6.139754056930541992e-01
5.737403035163879395e-01
5.793989896774291992e-01
5.870265960693359375e-01
5.403931140899658203e-01
5.996275544166564941e-01
5.709340572357177734e-01
6.319846510887145996e-01
5.980223417282104492e-01
5.134801864624023438e-01
5.382823944091796875e-01
5.219756364822387695e-01
5.956164598464965820e-01
5.617900490760803223e-01
5.724033117294311523e-01
5.493311882019042969e-01
6.345133185386657715e-01
5.444464087486267090e-01
5.571924448013305664e-01
5.480884909629821777e-01
5.627130270004272461e-01
5.724936127662658691e-01
5.490695238113403320e-01
5.868345499038696289e-01
5.975840091705322266e-01
5.150679945945739746e-01
5.949341058731079102e-01
5.788604617118835449e-01
5.400562286376953125e-01
5.908967256546020508e-01
5.148807168006896973e-01
5.936892032623291016e-01
5.004242062568664551e-01
6.172807216644287109e-01
6.786849498748779297e-01
5.622603893280029297e-01
4.847793281078338623e-01
5.356615781784057617e-01
5.477770566940307617e-01
4.974338710308074951e-01
5.237187147140502930e-01
6.529744863510131836e-01
6.262553930282592773e-01
5.894720554351806641e-01
5.614726543426513672e-01
5.615173578262329102e-01
5.429370403289794922e-01
5.385264158248901367e-01
5.601480007171630859e-01
5.641381740570068359e-01
5.603865981101989746e-01
5.742828249931335449e-01
6.306539773941040039e-01
5.812228322029113770e-01
4.968099892139434814e-01
5.571682453155517578e-01
5.745880603790283203e-01
5.920412540435791016e-01
5.280977487564086914e-01
5.940649509429931641e-01
5.454002618789672852e-01
5.219647884368896484e-01
6.233823299407958984e-01
6.159088611602783203e-01
5.448559522628784180e-01
5.655767917633056641e-01
5.358527302742004395e-01
6.556875109672546387e-01
6.304501891136169434e-01
5.152170658111572266e-01
5.556439757347106934e-01
5.784459114074707031e-01
6.577790379524230957e-01
5.760180950164794922e-01
5.855728387832641602e-01
5.649424195289611816e-01
6.179571747779846191e-01
6.095755100250244141e-01
6.058287620544433594e-01
6.172230243682861328e-01
5.178481340408325195e-01
5.957696437835693359e-01
4.931321740150451660e-01
6.006386280059814453e-01
5.669928193092346191e-01
6.278553605079650879e-01
6.496337652206420898e-01
6.124497652053833008e-01
5.569900274276733398e-01
5.107788443565368652e-01
5.714765787124633789e-01
5.397048592567443848e-01
5.892977714538574219e-01
5.910195112228393555e-01
5.476197004318237305e-01
5.762673616409301758e-01
5.633133649826049805e-01
5.402793884277343750e-01
6.323508620262145996e-01
6.094394922256469727e-01
5.732390880584716797e-01
5.786455869674682617e-01
5.201257467269897461e-01
5.554754734039306641e-01
5.297632217407226562e-01
5.760198831558227539e-01
5.446349978446960449e-01
5.754226446151733398e-01
5.746605992317199707e-01
5.827009677886962891e-01
4.891057014465332031e-01
6.555629968643188477e-01
5.285261869430541992e-01
6.455365419387817383e-01
6.050926446914672852e-01
6.101123094558715820e-01
6.881394386291503906e-01
6.321799755096435547e-01
4.803396165370941162e-01
5.897109508514404297e-01
5.117633342742919922e-01
4.915777146816253662e-01
5.394991636276245117e-01
5.528483986854553223e-01
5.660827159881591797e-01
6.237483620643615723e-01
5.937660932540893555e-01
5.729487538337707520e-01
5.869241952896118164e-01
5.537563562393188477e-01
5.765660405158996582e-01
5.539653301239013672e-01
5.773108005523681641e-01
4.992406070232391357e-01
6.395777463912963867e-01
5.866025686264038086e-01
5.326876640319824219e-01
5.508477687835693359e-01
6.212389469146728516e-01
5.340107083320617676e-01
5.068311691284179688e-01
5.401508808135986328e-01
5.008144378662109375e-01
5.357402563095092773e-01
4.717521071434020996e-01
6.201546192169189453e-01
5.559768676757812500e-01
5.823687911033630371e-01
5.418037176132202148e-01
6.448668241500854492e-01
5.419303774833679199e-01
5.606188774108886719e-01
6.190813183784484863e-01
5.845797061920166016e-01
5.338621139526367188e-01
6.693968176841735840e-01
5.933136940002441406e-01
6.121864318847656250e-01
6.075013875961303711e-01
5.594828128814697266e-01
6.463747024536132812e-01
5.534195303916931152e-01
5.942060947418212891e-01
5.611289739608764648e-01
5.619064569473266602e-01
6.385976672172546387e-01
5.826929807662963867e-01
5.208035707473754883e-01
5.174210071563720703e-01
5.662745833396911621e-01
5.473436117172241211e-01
5.701241493225097656e-01
5.503860712051391602e-01
5.122671127319335938e-01
5.667679905891418457e-01
5.220531225204467773e-01
5.078988075256347656e-01
6.448791027069091797e-01
5.958732962608337402e-01
5.300704240798950195e-01
6.143168210983276367e-01
5.600510835647583008e-01
5.640994310379028320e-01
5.425082445144653320e-01
5.962556600570678711e-01
5.668019056320190430e-01
5.487344861030578613e-01
5.534524917602539062e-01
5.488835573196411133e-01
5.575430393218994141e-01
5.380601882934570312e-01
5.856925249099731445e-01
5.755678415298461914e-01
5.580130815505981445e-01
5.962840318679809570e-01
5.325130224227905273e-01
6.225239038467407227e-01
5.875915288925170898e-01
5.275692343711853027e-01
6.497403979301452637e-01
5.898530483245849609e-01
5.904102325439453125e-01
5.624697208404541016e-01
5.944830179214477539e-01
5.632109642028808594e-01
5.309046506881713867e-01
5.982993841171264648e-01
6.018708348274230957e-01
5.059440135955810547e-01
5.902229547500610352e-01
5.589584112167358398e-01
5.564290881156921387e-01
6.358894109725952148e-01
6.057211160659790039e-01
5.085976123809814453e-01
5.284273624420166016e-01
6.428354978561401367e-01
5.334407091140747070e-01
6.337649822235107422e-01
5.577821731567382812e-01
6.354191303253173828e-01
5.645629167556762695e-01
5.678595304489135742e-01
5.276845693588256836e-01
5.287229418754577637e-01
5.755660533905029297e-01
6.458172798156738281e-01
5.607925653457641602e-01
5.161904096603393555e-01
5.399086475372314453e-01
5.539227724075317383e-01
6.046493053436279297e-01
6.699781417846679688e-01
5.603594183921813965e-01
5.509953498840332031e-01
4.968429207801818848e-01
5.048958063125610352e-01
5.899251103401184082e-01
5.677121877670288086e-01
5.685609579086303711e-01
6.481753587722778320e-01
5.403574109077453613e-01
4.935477375984191895e-01
5.103831887245178223e-01
6.046328544616699219e-01
5.452020168304443359e-01
6.428704261779785156e-01
5.851835012435913086e-01
5.112149715423583984e-01
5.483811497688293457e-01
6.016838550567626953e-01
5.565715432167053223e-01
5.925770401954650879e-01
5.832771062850952148e-01
5.461224913597106934e-01
5.387231707572937012e-01
5.695764422416687012e-01
5.447963476181030273e-01
5.251295566558837891e-01
6.115825176239013672e-01
5.948811769485473633e-01
5.028479099273681641e-01
5.392657518386840820e-01
6.119815111160278320e-01
6.404587030410766602e-01
5.697976350784301758e-01
6.272852420806884766e-01
5.337800979614257812e-01
4.960464537143707275e-01
5.167424678802490234e-01
5.308629274368286133e-01
5.693666338920593262e-01
6.504669189453125000e-01
6.131973266601562500e-01
6.214843392372131348e-01
5.773997306823730469e-01
5.714550614356994629e-01
5.361890792846679688e-01
5.514194369316101074e-01
5.785958766937255859e-01
6.147801876068115234e-01
6.359005570411682129e-01
5.381553173065185547e-01
6.750651597976684570e-01
5.798762440681457520e-01
6.485522985458374023e-01
5.737034082412719727e-01
5.087476372718811035e-01
5.022728443145751953e-01
5.681370496749877930e-01
5.270847678184509277e-01
5.526093244552612305e-01
6.007931232452392578e-01
5.670495033264160156e-01
5.532332062721252441e-01
6.420979499816894531e-01
5.443406105041503906e-01
5.508564710617065430e-01
5.752958059310913086e-01
5.726165771484375000e-01
6.113964319229125977e-01
5.735173225402832031e-01
5.960164070129394531e-01
4.838359951972961426e-01
6.472431421279907227e-01
5.730788707733154297e-01
5.759799480438232422e-01
5.701994895935058594e-01
5.399464368820190430e-01
5.624772310256958008e-01
5.410240888595581055e-01
5.497348308563232422e-01
6.153477430343627930e-01
5.297130346298217773e-01
5.109391212463378906e-01
6.307079792022705078e-01
6.343590617179870605e-01
5.826839208602905273e-01
5.445480346679687500e-01
5.913453102111816406e-01
5.428258776664733887e-01
5.473814606666564941e-01
5.491442680358886719e-01
5.786117315292358398e-01
5.679893493652343750e-01
6.219755411148071289e-01
5.818231105804443359e-01
5.296632051467895508e-01
5.450237989425659180e-01
5.261507034301757812e-01
5.511693954467773438e-01
6.247726678848266602e-01
5.472617149353027344e-01
5.725576877593994141e-01
5.422387123107910156e-01
5.424587726593017578e-01
6.137678623199462891e-01
5.502578020095825195e-01
6.334096193313598633e-01
5.670803785324096680e-01
5.460203289985656738e-01
5.660030841827392578e-01
5.404982566833496094e-01
5.569593906402587891e-01
6.042497158050537109e-01
6.299481391906738281e-01
5.566047430038452148e-01
5.290781855583190918e-01
6.229393482208251953e-01
5.810581445693969727e-01
4.832096099853515625e-01
5.479718446731567383e-01
4.898788928985595703e-01
5.583367347717285156e-01
5.156487226486206055e-01
6.054830551147460938e-01
6.205220222473144531e-01
5.815846920013427734e-01
5.476406812667846680e-01
5.642752647399902344e-01
5.545083284378051758e-01
5.581401586532592773e-01
5.717296600341796875e-01
4.573709368705749512e-01
5.698047876358032227e-01
6.169757843017578125e-01
5.768396854400634766e-01
5.688257217407226562e-01
5.975843667984008789e-01
5.763400793075561523e-01
5.408068299293518066e-01
5.859169960021972656e-01
5.150946378707885742e-01
6.311088204383850098e-01
5.227242708206176758e-01
5.094159245491027832e-01
4.877225160598754883e-01
5.686475634574890137e-01
6.217792034149169922e-01
6.150555610656738281e-01
6.159324645996093750e-01
5.030145645141601562e-01
5.658990144729614258e-01
7.570611238479614258e-01
5.714046955108642578e-01
5.471307635307312012e-01
5.691916942596435547e-01
5.429764986038208008e-01
5.560315847396850586e-01
6.421155333518981934e-01
5.035173892974853516e-01
4.965226650238037109e-01
4.938048422336578369e-01
5.753639936447143555e-01
5.669293403625488281e-01
5.802953243255615234e-01
5.079473257064819336e-01
5.827723741531372070e-01
5.477680563926696777e-01
6.647626757621765137e-01
4.978185296058654785e-01
6.066839098930358887e-01
5.483655333518981934e-01
6.260591745376586914e-01
5.869008302688598633e-01
5.643130540847778320e-01
5.415394306182861328e-01
5.371060371398925781e-01
5.997830629348754883e-01
5.556038618087768555e-01
5.889679789543151855e-01
5.360647439956665039e-01
5.200641155242919922e-01
5.223961472511291504e-01
6.581828594207763672e-01
6.495243310928344727e-01
5.488381981849670410e-01
6.235271692276000977e-01
5.580357313156127930e-01
4.981051087379455566e-01
4.859806299209594727e-01
5.929651856422424316e-01
5.909472107887268066e-01
5.844429731369018555e-01
5.824456214904785156e-01
6.175045967102050781e-01
5.971316695213317871e-01
5.752628445625305176e-01
5.419027209281921387e-01
5.949398875236511230e-01
5.752887725830078125e-01
6.368547677993774414e-01
5.611534118652343750e-01
5.612437725067138672e-01
6.499538421630859375e-01
5.878965854644775391e-01
6.175897121429443359e-01
6.133878231048583984e-01
6.061798334121704102e-01
5.174923539161682129e-01
5.322302579879760742e-01
5.549094676971435547e-01
7.129942178726196289e-01
6.868180036544799805e-01
5.533025264739990234e-01
5.305043458938598633e-01
6.835262775421142578e-01
6.309977769851684570e-01
5.916677713394165039e-01
5.367412567138671875e-01
5.757865905761718750e-01
6.266186833381652832e-01
5.509700775146484375e-01
4.865976870059967041e-01
5.458526611328125000e-01
5.490069389343261719e-01
6.265621781349182129e-01
6.215822100639343262e-01
5.728691816329956055e-01
6.535273790359497070e-01
5.472978353500366211e-01
5.703298449516296387e-01
6.089506745338439941e-01
5.670646429061889648e-01
4.654026329517364502e-01
6.213608980178833008e-01
5.385943651199340820e-01
5.339599847793579102e-01
5.268081426620483398e-01
5.547419786453247070e-01
5.490316748619079590e-01
5.870440006256103516e-01
6.265391111373901367e-01
5.661916732788085938e-01
5.662826895713806152e-01
5.057657957077026367e-01
5.295442938804626465e-01
5.673021674156188965e-01
5.684818029403686523e-01
5.233784914016723633e-01
5.647033452987670898e-01
5.774861574172973633e-01
5.870484113693237305e-01
4.732283055782318115e-01
5.853670835494995117e-01
5.109683275222778320e-01
6.740745306015014648e-01
6.159662008285522461e-01
6.144204139709472656e-01
5.638548135757446289e-01
6.238291263580322266e-01
5.710525512695312500e-01
6.621713638305664062e-01
6.183748841285705566e-01
5.286271572113037109e-01
5.643437504768371582e-01
5.531584620475769043e-01
5.174694061279296875e-01
5.711869597434997559e-01
6.575529575347900391e-01
5.841586589813232422e-01
6.553430557250976562e-01
5.687015056610107422e-01
5.875491499900817871e-01
5.632871389389038086e-01
5.833055973052978516e-01
5.639631152153015137e-01
5.686339139938354492e-01
6.099827289581298828e-01
6.139513254165649414e-01
4.999028146266937256e-01
5.114477872848510742e-01
5.262396335601806641e-01
5.605998635292053223e-01
6.135734915733337402e-01
4.929060935974121094e-01
5.427508354187011719e-01
4.961941540241241455e-01
5.518020391464233398e-01
5.121117830276489258e-01
5.903110504150390625e-01
5.926806926727294922e-01
6.149645447731018066e-01
4.670728743076324463e-01
5.263594388961791992e-01
5.362110137939453125e-01
5.157968401908874512e-01
5.676959156990051270e-01
6.057883501052856445e-01
5.106082558631896973e-01
6.031339168548583984e-01
5.084608793258666992e-01
5.843563079833984375e-01
6.115617752075195312e-01
5.536053776741027832e-01
6.256802082061767578e-01
6.313117742538452148e-01
6.129350662231445312e-01
5.848888158798217773e-01
5.045422911643981934e-01
5.589080452919006348e-01
5.637347698211669922e-01
5.424770116806030273e-01
5.096594095230102539e-01
5.784417390823364258e-01
6.060982942581176758e-01
5.832524299621582031e-01
6.014376878738403320e-01
5.456386804580688477e-01
5.785442590713500977e-01
5.573386549949645996e-01
6.406148672103881836e-01
5.144809484481811523e-01
6.058484911918640137e-01
6.224581599235534668e-01
5.439413785934448242e-01
5.110176801681518555e-01
5.651564598083496094e-01
6.044934988021850586e-01
6.253518462181091309e-01
5.665046572685241699e-01
5.454526543617248535e-01
5.398056507110595703e-01
5.886408686637878418e-01
5.688361525535583496e-01
6.430030465126037598e-01
5.492622852325439453e-01
5.705959796905517578e-01
5.403343439102172852e-01
6.079201102256774902e-01
5.314131975173950195e-01
5.052333474159240723e-01
6.063028573989868164e-01
6.047965288162231445e-01
5.292513966560363770e-01
5.433871746063232422e-01
5.148792266845703125e-01
6.297076940536499023e-01
6.560286283493041992e-01
5.669293403625488281e-01
5.883463025093078613e-01
5.725002884864807129e-01
5.562429428100585938e-01
5.691651105880737305e-01
5.684759020805358887e-01
5.138549804687500000e-01
6.362065076828002930e-01
6.047743558883666992e-01
5.843832492828369141e-01
5.753490924835205078e-01
4.633506834506988525e-01
5.505577325820922852e-01
5.915913581848144531e-01
5.599132776260375977e-01
6.313602924346923828e-01
5.906944870948791504e-01
5.429437756538391113e-01
5.948338508605957031e-01
5.787401199340820312e-01
6.559619903564453125e-01
5.927807092666625977e-01
5.662335157394409180e-01
4.509803652763366699e-01
5.567419528961181641e-01
5.404626727104187012e-01
5.204843282699584961e-01
5.942801833152770996e-01
5.600832700729370117e-01
6.543653011322021484e-01
5.522426962852478027e-01
5.932506322860717773e-01
5.476215481758117676e-01
5.849063396453857422e-01
5.348315238952636719e-01
6.709810495376586914e-01
5.762990713119506836e-01
6.091442108154296875e-01
5.395293235778808594e-01
6.120857000350952148e-01
5.745972394943237305e-01
5.953680276870727539e-01
5.517293214797973633e-01
5.600229501724243164e-01
5.222382545471191406e-01
6.698206067085266113e-01
5.777931809425354004e-01
6.667476892471313477e-01
5.633468627929687500e-01
6.147408485412597656e-01
5.667183399200439453e-01
5.206849575042724609e-01
5.718083381652832031e-01
5.501155257225036621e-01
5.351879596710205078e-01
6.066910028457641602e-01
6.397614479064941406e-01
4.668598473072052002e-01
5.653374195098876953e-01
4.637039601802825928e-01
5.836510658264160156e-01
5.660685300827026367e-01
5.601415038108825684e-01
5.568813085556030273e-01
6.599464416503906250e-01
5.344944000244140625e-01
5.886172056198120117e-01
5.527014136314392090e-01
6.163887977600097656e-01
5.912244319915771484e-01
6.991367340087890625e-01
5.790588855743408203e-01
5.423749685287475586e-01
5.422241687774658203e-01
5.457453727722167969e-01
7.015117406845092773e-01
5.694243907928466797e-01
5.280628204345703125e-01
6.472301483154296875e-01
5.066973567008972168e-01
5.289513468742370605e-01
4.971078336238861084e-01
4.774087071418762207e-01
5.263015031814575195e-01
5.394998788833618164e-01
5.824239253997802734e-01
6.327221393585205078e-01
5.772666931152343750e-01
6.229141354560852051e-01
5.435081720352172852e-01
5.165503025054931641e-01
5.485571622848510742e-01
4.792797267436981201e-01
5.827910900115966797e-01
5.691922903060913086e-01
6.061500310897827148e-01
5.405507087707519531e-01
5.309264659881591797e-01
5.601270198822021484e-01
5.247235298156738281e-01
5.711268782615661621e-01
5.889562368392944336e-01
5.538682937622070312e-01
6.140787601470947266e-01
5.958158969879150391e-01
5.853374004364013672e-01
6.098352670669555664e-01
5.035470128059387207e-01
4.987551867961883545e-01
5.778037309646606445e-01
5.447797775268554688e-01
5.371295213699340820e-01
5.984730720520019531e-01
6.134597063064575195e-01
5.426140427589416504e-01
5.976214408874511719e-01
5.807578563690185547e-01
6.136273145675659180e-01
4.925486743450164795e-01
5.452334284782409668e-01
6.182539463043212891e-01
5.908503532409667969e-01
5.163891315460205078e-01
5.199143290519714355e-01
5.080929398536682129e-01
5.967978239059448242e-01
5.706459283828735352e-01
5.359561443328857422e-01
5.411672592163085938e-01
5.003120899200439453e-01
5.790109038352966309e-01
5.080438256263732910e-01
6.161434650421142578e-01
5.512989759445190430e-01
5.801343917846679688e-01
5.161644220352172852e-01
5.493077039718627930e-01
5.312595367431640625e-01
5.701082944869995117e-01
5.860705375671386719e-01
5.934534072875976562e-01
5.884857177734375000e-01
5.957990884780883789e-01
5.926314592361450195e-01
6.179981231689453125e-01
6.394313573837280273e-01
6.136530637741088867e-01
6.043083071708679199e-01
5.686153769493103027e-01
5.559546947479248047e-01
6.213723421096801758e-01
5.395470261573791504e-01
5.146658420562744141e-01
5.219275951385498047e-01
5.754961967468261719e-01
4.899421036243438721e-01
5.462778806686401367e-01
5.822162032127380371e-01
5.647799372673034668e-01
6.155152320861816406e-01
5.983904600143432617e-01
5.633447170257568359e-01
5.234202146530151367e-01
6.223065853118896484e-01
5.864796638488769531e-01
5.758945345878601074e-01
5.664823055267333984e-01
5.024428963661193848e-01
5.755715370178222656e-01
5.750884413719177246e-01
5.387809276580810547e-01
6.105641126632690430e-01
5.840623378753662109e-01
4.710140824317932129e-01
5.563901662826538086e-01
5.932585000991821289e-01
5.357989072799682617e-01
5.568980574607849121e-01
5.822294950485229492e-01
5.772421956062316895e-01
5.901656150817871094e-01
5.853810310363769531e-01
5.453675985336303711e-01
5.624642372131347656e-01
5.320932865142822266e-01
5.506517291069030762e-01
5.401986837387084961e-01
5.978500843048095703e-01
5.678634643554687500e-01
5.819141864776611328e-01
5.840564966201782227e-01
5.698335170745849609e-01
5.776226520538330078e-01
5.541088581085205078e-01
5.871292352676391602e-01
5.279208421707153320e-01
6.239119768142700195e-01
5.849269628524780273e-01
5.218030214309692383e-01
5.707820653915405273e-01
5.812402963638305664e-01
5.914144515991210938e-01
5.896756649017333984e-01
5.420701503753662109e-01
5.449029207229614258e-01
4.805237948894500732e-01
5.698109865188598633e-01
5.355024933815002441e-01
5.593227148056030273e-01
5.793308019638061523e-01
6.242024302482604980e-01
5.506686568260192871e-01
5.167627930641174316e-01
5.629860162734985352e-01
5.921237468719482422e-01
4.993355572223663330e-01
5.676031112670898438e-01
5.602391958236694336e-01
5.380066037178039551e-01
5.831725597381591797e-01
6.310343742370605469e-01
5.316265821456909180e-01
6.031597852706909180e-01
5.795840024948120117e-01
5.754241347312927246e-01
5.436604022979736328e-01
5.215284824371337891e-01
5.481343269348144531e-01
6.501443386077880859e-01
5.016726255416870117e-01
5.955224633216857910e-01
5.660377144813537598e-01
6.038244962692260742e-01
5.342466235160827637e-01
6.185876131057739258e-01
5.482041239738464355e-01
5.611963272094726562e-01
5.805328488349914551e-01
6.219382882118225098e-01
5.682933330535888672e-01
4.670211076736450195e-01
6.464040279388427734e-01
5.549873113632202148e-01
6.078102588653564453e-01
5.842785835266113281e-01
5.711824893951416016e-01
6.565818786621093750e-01
6.404938101768493652e-01
5.652580261230468750e-01
5.820055603981018066e-01
6.343500614166259766e-01
5.662645101547241211e-01
5.473273992538452148e-01
5.288032293319702148e-01
5.828486680984497070e-01
6.089654564857482910e-01
6.109309196472167969e-01
5.361061096191406250e-01
5.927400588989257812e-01
5.989878773689270020e-01
5.440658926963806152e-01
5.934201478958129883e-01
5.245437622070312500e-01
6.109932661056518555e-01
5.722180008888244629e-01
5.143319368362426758e-01
5.816200971603393555e-01
6.052442193031311035e-01
5.409017205238342285e-01
5.225746631622314453e-01
5.573163032531738281e-01
5.552770495414733887e-01
5.603128671646118164e-01
5.824248790740966797e-01
5.603989362716674805e-01
6.306728124618530273e-01
5.038286447525024414e-01
6.802923679351806641e-01
5.819672942161560059e-01
6.266193389892578125e-01
5.876286029815673828e-01
5.950385332107543945e-01
5.930473804473876953e-01
5.400378704071044922e-01
5.720286369323730469e-01
5.687686204910278320e-01
5.056109428405761719e-01
5.886315107345581055e-01
6.053013205528259277e-01
6.479563713073730469e-01
5.519258975982666016e-01
5.788131952285766602e-01
5.639896392822265625e-01
5.293295979499816895e-01
5.646003484725952148e-01
5.480407476425170898e-01
5.621340274810791016e-01
5.531613230705261230e-01
5.326141119003295898e-01
5.248108506202697754e-01
5.401170253753662109e-01
5.584760904312133789e-01
5.870451927185058594e-01
5.707003474235534668e-01
6.400087475776672363e-01
6.096099615097045898e-01
5.187588930130004883e-01
5.951917767524719238e-01
5.748629570007324219e-01
5.076502561569213867e-01
5.375454425811767578e-01
6.137986779212951660e-01
5.793033838272094727e-01
6.056523323059082031e-01
5.870466232299804688e-01
5.959203243255615234e-01
5.870577096939086914e-01
6.589596867561340332e-01
5.587210059165954590e-01
4.977921247482299805e-01
5.805982351303100586e-01
4.778527915477752686e-01
5.944927930831909180e-01
5.667703747749328613e-01
5.467578768730163574e-01
5.899667143821716309e-01
5.976608991622924805e-01
5.765823125839233398e-01
6.022659540176391602e-01
6.600543260574340820e-01
5.427605509757995605e-01
6.008662581443786621e-01
5.799546241760253906e-01
5.331601500511169434e-01
5.502552390098571777e-01
5.394456386566162109e-01
5.538227558135986328e-01
5.899399518966674805e-01
5.846639871597290039e-01
6.496984362602233887e-01
5.345357656478881836e-01
4.925219118595123291e-01
5.197124481201171875e-01
5.924345850944519043e-01
5.981560945510864258e-01
6.794732809066772461e-01
6.055588722229003906e-01
5.747861266136169434e-01
5.883750915527343750e-01
5.994079709053039551e-01
5.182136893272399902e-01
5.983289480209350586e-01
5.553081035614013672e-01
6.011557579040527344e-01
5.049962997436523438e-01
5.364524722099304199e-01
5.872769355773925781e-01
6.250892877578735352e-01
6.011210680007934570e-01
5.855966806411743164e-01
5.363624095916748047e-01
6.532319784164428711e-01
5.111938118934631348e-01
6.647245287895202637e-01
5.227885246276855469e-01
5.621216893196105957e-01
6.030805110931396484e-01
5.842505693435668945e-01
6.944857835769653320e-01
6.188660860061645508e-01
5.889196395874023438e-01
5.662252902984619141e-01
6.248919963836669922e-01
5.233538150787353516e-01
5.576683282852172852e-01
5.314642786979675293e-01
5.988240242004394531e-01
5.210226178169250488e-01
5.434988737106323242e-01
5.963536500930786133e-01
5.540413856506347656e-01
5.275949239730834961e-01
5.465835332870483398e-01
5.654921531677246094e-01
5.434265136718750000e-01
6.379584074020385742e-01
5.686755180358886719e-01
5.100638866424560547e-01
5.787691473960876465e-01
5.542557239532470703e-01
6.061532497406005859e-01
6.269360780715942383e-01
6.661137938499450684e-01
5.117739439010620117e-01
5.585183501243591309e-01
5.259828567504882812e-01
6.029844880104064941e-01
5.007607936859130859e-01
5.656185150146484375e-01
5.880442857742309570e-01
6.035433411598205566e-01
5.746665000915527344e-01
4.990908503532409668e-01
5.294861197471618652e-01
5.123591423034667969e-01
6.073356866836547852e-01
5.686907768249511719e-01
5.709516406059265137e-01
6.200094223022460938e-01
5.978533029556274414e-01
5.590527653694152832e-01
6.453422307968139648e-01
5.821424722671508789e-01
5.994938611984252930e-01
5.260947942733764648e-01
5.954637527465820312e-01
5.261313915252685547e-01
5.688678622245788574e-01
5.525119304656982422e-01
6.208276748657226562e-01
5.495970249176025391e-01
5.048126578330993652e-01
5.480407476425170898e-01
5.677813291549682617e-01
6.295261979103088379e-01
6.118207573890686035e-01
5.656638741493225098e-01
5.445359945297241211e-01
5.896570086479187012e-01
5.001280307769775391e-01
5.151000022888183594e-01
5.466181039810180664e-01
5.639772415161132812e-01
5.842133760452270508e-01
5.306382179260253906e-01
5.510401129722595215e-01
5.961704254150390625e-01
5.676041841506958008e-01
5.442965626716613770e-01
5.131182670593261719e-01
5.508686304092407227e-01
5.559287667274475098e-01
5.425539016723632812e-01
5.426932573318481445e-01
6.192315816879272461e-01
5.863841176033020020e-01
6.040348410606384277e-01
4.849874675273895264e-01
5.610235929489135742e-01
6.505130529403686523e-01
5.698972344398498535e-01
6.328523159027099609e-01
5.600677132606506348e-01
6.505779027938842773e-01
5.391821861267089844e-01
5.063595771789550781e-01
5.787078738212585449e-01
6.676037311553955078e-01
5.636849999427795410e-01
6.063871383666992188e-01
6.116635799407958984e-01
6.358292102813720703e-01
6.112605929374694824e-01
5.724177360534667969e-01
5.850971341133117676e-01
5.823873281478881836e-01
5.244780778884887695e-01
6.028535366058349609e-01
5.670707225799560547e-01
5.433535575866699219e-01
5.759981870651245117e-01
5.769835710525512695e-01
5.268207192420959473e-01
5.786473751068115234e-01
4.888555705547332764e-01
5.761510133743286133e-01
5.090044736862182617e-01
4.738660454750061035e-01
5.973747968673706055e-01
6.425663232803344727e-01
5.970230102539062500e-01
5.992767810821533203e-01
5.164859294891357422e-01
5.380918979644775391e-01
5.807285308837890625e-01
5.764142870903015137e-01
5.679876208305358887e-01
5.697244405746459961e-01
5.775830745697021484e-01
5.169562101364135742e-01
5.687108039855957031e-01
5.328258275985717773e-01
5.978832840919494629e-01
5.431044101715087891e-01
5.622041821479797363e-01
5.718984603881835938e-01
5.221560001373291016e-01
5.573249459266662598e-01
5.755224227905273438e-01
5.449248552322387695e-01
6.441111564636230469e-01
6.189219951629638672e-01
5.714546442031860352e-01
5.380558371543884277e-01
5.376769304275512695e-01
4.815691113471984863e-01
5.451616048812866211e-01
6.210678815841674805e-01
6.255901455879211426e-01
5.570579171180725098e-01
5.223255157470703125e-01
5.536272525787353516e-01
5.374312996864318848e-01
5.713065862655639648e-01
6.150808334350585938e-01
6.102432608604431152e-01
5.553320050239562988e-01
5.722182989120483398e-01
5.465793609619140625e-01
5.383682847023010254e-01
5.653836727142333984e-01
5.392011404037475586e-01
5.596147179603576660e-01
6.228053569793701172e-01
5.508207082748413086e-01
5.569545626640319824e-01
5.517263412475585938e-01
5.989248156547546387e-01
5.812215805053710938e-01
5.842786431312561035e-01
5.518692731857299805e-01
6.354386806488037109e-01
5.719536542892456055e-01
5.742228031158447266e-01
6.043090224266052246e-01
6.038381457328796387e-01
5.709817409515380859e-01
6.534694433212280273e-01
5.862156152725219727e-01
5.514826178550720215e-01
5.566838979721069336e-01
5.849075317382812500e-01
5.115857124328613281e-01
6.161799430847167969e-01
5.768679380416870117e-01
5.586061477661132812e-01
5.750362873077392578e-01
5.648458003997802734e-01
5.277953147888183594e-01
5.383594632148742676e-01
5.792503952980041504e-01
5.509473085403442383e-01
6.169419288635253906e-01
6.474379301071166992e-01
5.934741497039794922e-01
5.538064241409301758e-01
5.849968194961547852e-01
5.436105728149414062e-01
5.336912870407104492e-01
5.789479017257690430e-01
5.951114892959594727e-01
5.026216506958007812e-01
6.511459350585937500e-01
5.536259412765502930e-01
6.154968738555908203e-01
5.505944490432739258e-01
5.913116931915283203e-01
6.354523301124572754e-01
6.002610325813293457e-01
5.473495721817016602e-01
5.375838279724121094e-01
5.660735964775085449e-01
5.384792089462280273e-01
5.968786478042602539e-01
5.748524069786071777e-01
5.362063646316528320e-01
4.574744403362274170e-01
5.717053413391113281e-01
6.136014461517333984e-01
6.291497349739074707e-01
5.740298628807067871e-01
5.705758333206176758e-01
5.015954971313476562e-01
4.912809729576110840e-01
5.544859170913696289e-01
6.052371859550476074e-01
6.141128540039062500e-01
6.156365871429443359e-01
5.941499471664428711e-01
5.642352104187011719e-01
6.048913002014160156e-01
6.160188913345336914e-01
5.196890830993652344e-01
5.690672397613525391e-01
6.273748278617858887e-01
5.904498100280761719e-01
5.987135171890258789e-01
5.136101245880126953e-01
5.221401453018188477e-01
6.115266084671020508e-01
5.815159678459167480e-01
5.847531557083129883e-01
6.038842201232910156e-01
5.546975731849670410e-01
5.653573274612426758e-01
4.755191802978515625e-01
5.611962080001831055e-01
6.082053184509277344e-01
5.441197752952575684e-01
6.129355430603027344e-01
5.858084559440612793e-01
5.188759565353393555e-01
6.470262408256530762e-01
5.617986917495727539e-01
5.903314352035522461e-01
5.544749498367309570e-01
6.690418124198913574e-01
5.554651021957397461e-01
5.974532365798950195e-01
5.318608880043029785e-01
5.946141481399536133e-01
6.475147008895874023e-01
6.188327074050903320e-01
5.564013719558715820e-01
6.284172534942626953e-01
4.756257236003875732e-01
5.718582868576049805e-01
5.842676162719726562e-01
5.734727382659912109e-01
5.638606548309326172e-01
5.491064190864562988e-01
5.131003856658935547e-01
6.127479076385498047e-01
5.992811918258666992e-01
5.467116832733154297e-01
5.360725522041320801e-01
5.902750492095947266e-01
5.415995121002197266e-01
5.542044639587402344e-01
5.694722533226013184e-01
5.206708908081054688e-01
5.789541006088256836e-01
5.742614269256591797e-01
4.734014272689819336e-01
5.873762369155883789e-01
4.823426306247711182e-01
5.918273925781250000e-01
5.434492826461791992e-01
5.896136760711669922e-01
6.509415507316589355e-01
5.881201028823852539e-01
6.469643115997314453e-01
5.892277956008911133e-01
5.537271499633789062e-01
6.202753186225891113e-01
6.328502893447875977e-01
6.029356718063354492e-01
6.050572395324707031e-01
5.998717546463012695e-01
5.592799186706542969e-01
5.678766965866088867e-01
5.748558044433593750e-01
5.814657211303710938e-01
5.960625410079956055e-01
7.614548206329345703e-01
5.460686683654785156e-01
4.917641282081604004e-01
5.365021228790283203e-01
5.316300392150878906e-01
5.785685777664184570e-01
6.234622597694396973e-01
5.583072900772094727e-01
4.917929172515869141e-01
5.214760303497314453e-01
6.456927657127380371e-01
6.199209094047546387e-01
5.816979408264160156e-01
5.615482926368713379e-01
5.900889635086059570e-01
5.326148271560668945e-01
5.934683084487915039e-01
5.754568576812744141e-01
6.071619987487792969e-01
5.663219690322875977e-01
6.150345206260681152e-01
6.190671920776367188e-01
5.742303729057312012e-01
5.539535284042358398e-01
5.558650493621826172e-01
5.675888061523437500e-01
5.590015649795532227e-01
5.585908889770507812e-01
5.876569151878356934e-01
5.322317481040954590e-01
5.536842346191406250e-01
5.031083822250366211e-01
6.209632158279418945e-01
5.480531454086303711e-01
5.085554122924804688e-01
5.344802737236022949e-01
6.241585016250610352e-01
4.896448850631713867e-01
5.809657573699951172e-01
6.008135676383972168e-01
5.777235031127929688e-01
4.779531061649322510e-01
5.313507318496704102e-01
5.668624043464660645e-01
6.478385925292968750e-01
6.662264466285705566e-01
5.525876283645629883e-01
5.747346878051757812e-01
5.220261812210083008e-01
5.622205734252929688e-01
5.555876493453979492e-01
5.450117588043212891e-01
5.801474452018737793e-01
5.596610903739929199e-01
5.438132286071777344e-01
6.013120412826538086e-01
4.545756578445434570e-01
5.231596231460571289e-01
6.085890531539916992e-01
5.713454484939575195e-01
6.047307252883911133e-01
5.852515697479248047e-01
5.712105035781860352e-01
5.641855597496032715e-01
5.938513875007629395e-01
6.302986145019531250e-01
6.173018217086791992e-01
5.968639850616455078e-01
6.111479401588439941e-01
6.256785392761230469e-01
5.248678922653198242e-01
5.754284858703613281e-01
6.089303493499755859e-01
5.108523368835449219e-01
6.217914223670959473e-01
5.680155754089355469e-01
5.582844018936157227e-01
6.181153059005737305e-01
6.011236310005187988e-01
6.082615852355957031e-01
5.644336938858032227e-01
5.396488308906555176e-01
5.390564203262329102e-01
5.554696917533874512e-01
5.677829980850219727e-01
6.089137792587280273e-01
5.769745111465454102e-01
5.450749397277832031e-01
5.815240144729614258e-01
5.586991310119628906e-01
5.858589410781860352e-01
5.740578174591064453e-01
5.971125960350036621e-01
5.173483490943908691e-01
5.725165605545043945e-01
6.058719158172607422e-01
6.030876636505126953e-01
5.552693605422973633e-01
5.502707958221435547e-01
6.189180016517639160e-01
5.530123710632324219e-01
6.349715590476989746e-01
5.746690630912780762e-01
5.980380773544311523e-01
6.767921447753906250e-01
5.339917540550231934e-01
5.202360153198242188e-01
5.801062583923339844e-01
6.465391516685485840e-01
5.315149426460266113e-01
5.962896943092346191e-01
5.842990875244140625e-01
5.219045281410217285e-01
5.351241827011108398e-01
5.280730724334716797e-01
5.409551858901977539e-01
5.820287466049194336e-01
5.431488156318664551e-01
5.503247380256652832e-01
4.953444302082061768e-01
5.395289659500122070e-01
5.748761892318725586e-01
5.586193799972534180e-01
6.572571992874145508e-01
4.824231863021850586e-01
5.124942064285278320e-01
4.462557435035705566e-01
5.593813657760620117e-01
5.992796421051025391e-01
6.645447611808776855e-01
6.762583255767822266e-01
6.204336881637573242e-01
5.471488833427429199e-01
5.662495493888854980e-01
5.116075873374938965e-01
5.204054117202758789e-01
5.172189474105834961e-01
5.250786542892456055e-01
5.950982570648193359e-01
4.697226583957672119e-01
5.578484535217285156e-01
6.191468834877014160e-01
4.881449341773986816e-01
5.908431410789489746e-01
5.476945638656616211e-01
5.508580207824707031e-01
6.157189607620239258e-01
5.747423768043518066e-01
4.838629662990570068e-01
6.259837150573730469e-01
4.705820083618164062e-01
5.975684523582458496e-01
6.168327331542968750e-01
5.616283416748046875e-01
5.529247522354125977e-01
4.777762293815612793e-01
5.625919699668884277e-01
6.006967425346374512e-01
6.052159667015075684e-01
5.864166617393493652e-01
5.516087412834167480e-01
4.898159801959991455e-01
5.700116157531738281e-01
5.559607148170471191e-01
5.725964307785034180e-01
5.592628121376037598e-01
5.354496240615844727e-01
5.354967117309570312e-01
5.670185089111328125e-01
5.287764072418212891e-01
5.489704608917236328e-01
6.139019131660461426e-01
5.759155750274658203e-01
5.092147588729858398e-01
5.924779772758483887e-01
5.326355695724487305e-01
5.240460038185119629e-01
5.331472158432006836e-01
4.928600490093231201e-01
5.872671604156494141e-01
6.181209087371826172e-01
5.643380880355834961e-01
5.807905197143554688e-01
5.611624717712402344e-01
6.258313655853271484e-01
6.144355535507202148e-01
5.481778383255004883e-01
5.389097929000854492e-01
5.619026422500610352e-01
5.540459156036376953e-01
5.430214405059814453e-01
5.974602103233337402e-01
5.271492004394531250e-01
5.452115535736083984e-01
6.160164475440979004e-01
5.097851753234863281e-01
5.857782959938049316e-01
6.083705425262451172e-01
5.514304637908935547e-01
5.374104976654052734e-01
5.898681879043579102e-01
5.921097993850708008e-01
5.331841707229614258e-01
4.898193776607513428e-01
5.612714290618896484e-01
5.610010623931884766e-01
5.937901139259338379e-01
6.026552915573120117e-01
5.019441843032836914e-01
5.672485828399658203e-01
5.967465639114379883e-01
5.416918992996215820e-01
6.068846583366394043e-01
5.808546543121337891e-01
5.535434484481811523e-01
5.866552591323852539e-01
4.733520448207855225e-01
5.065217018127441406e-01
5.269389152526855469e-01
5.347152948379516602e-01
6.220670342445373535e-01
5.924645066261291504e-01
5.677275657653808594e-01
4.816345274448394775e-01
5.211830139160156250e-01
5.574089288711547852e-01
6.260066032409667969e-01
6.567727327346801758e-01
6.151419878005981445e-01
5.767943859100341797e-01
4.552662074565887451e-01
5.996461510658264160e-01
5.517804622650146484e-01
5.571800470352172852e-01
5.506868362426757812e-01
5.945316553115844727e-01
4.932248294353485107e-01
5.724844932556152344e-01
5.795280933380126953e-01
5.627887248992919922e-01
6.626254320144653320e-01
5.909560918807983398e-01
5.269259214401245117e-01
6.106591224670410156e-01
5.898858308792114258e-01
6.477690935134887695e-01
5.424523353576660156e-01
5.545806884765625000e-01
6.033161878585815430e-01
5.176326036453247070e-01
5.827897787094116211e-01
5.153609514236450195e-01
5.675712823867797852e-01
5.541880726814270020e-01
6.189808845520019531e-01
5.391414761543273926e-01
5.598400831222534180e-01
6.012487411499023438e-01
5.041646957397460938e-01
5.642564296722412109e-01
5.829150676727294922e-01
5.833686590194702148e-01
5.973075628280639648e-01
5.274937152862548828e-01
5.224061012268066406e-01
5.890457630157470703e-01
5.424689650535583496e-01
5.396645069122314453e-01
5.196640491485595703e-01
4.990603327751159668e-01
5.836532115936279297e-01
5.346013307571411133e-01
5.896862745285034180e-01
5.799196958541870117e-01
5.613600015640258789e-01
5.465776324272155762e-01
5.542223453521728516e-01
5.492702126502990723e-01
5.743304491043090820e-01
5.813103914260864258e-01
5.928153991699218750e-01
5.739142894744873047e-01
5.946445465087890625e-01
6.014904975891113281e-01
5.663053989410400391e-01
6.670160293579101562e-01
5.514470338821411133e-01
5.549911260604858398e-01
5.961761474609375000e-01
5.977313518524169922e-01
5.237230062484741211e-01
5.609036684036254883e-01
5.880131721496582031e-01
5.606216192245483398e-01
5.698615312576293945e-01
5.906767845153808594e-01
5.791270732879638672e-01
5.180552005767822266e-01
5.451276302337646484e-01
5.335541963577270508e-01
5.536980628967285156e-01
5.935485959053039551e-01
5.719575881958007812e-01
5.242487192153930664e-01
6.045688390731811523e-01
4.972045719623565674e-01
5.199786424636840820e-01
6.515774726867675781e-01
5.737917423248291016e-01
5.340968370437622070e-01
5.825842022895812988e-01
5.558226108551025391e-01
6.463174223899841309e-01
5.894258022308349609e-01
6.164124011993408203e-01
5.974636077880859375e-01
6.408158540725708008e-01
5.949169397354125977e-01
5.800802707672119141e-01
5.925353765487670898e-01
6.241533756256103516e-01
5.543589591979980469e-01
5.850811004638671875e-01
6.196339130401611328e-01
6.752901077270507812e-01
5.892846584320068359e-01
5.908509492874145508e-01
5.949712991714477539e-01
6.136313676834106445e-01
5.268756151199340820e-01
6.399896144866943359e-01
5.934872627258300781e-01
5.612682104110717773e-01
5.212891101837158203e-01
6.180790066719055176e-01
4.796625375747680664e-01
6.564843654632568359e-01
5.428769588470458984e-01
5.986620187759399414e-01
5.112149715423583984e-01
5.248062014579772949e-01
6.040322780609130859e-01
5.679060816764831543e-01
5.703119039535522461e-01
6.554473638534545898e-01
5.404091477394104004e-01
5.533497333526611328e-01
5.464780330657958984e-01
5.480064153671264648e-01
5.646117925643920898e-01
6.341792941093444824e-01
6.186698675155639648e-01
5.839556455612182617e-01
5.609970092773437500e-01
5.537993907928466797e-01
5.658888816833496094e-01
6.173807382583618164e-01
5.371458530426025391e-01
4.831945896148681641e-01
5.680780410766601562e-01
6.181926727294921875e-01
5.307470560073852539e-01
5.344786643981933594e-01
4.429327845573425293e-01
5.824509859085083008e-01
5.628128051757812500e-01
5.916314125061035156e-01
6.059511899948120117e-01
6.024344563484191895e-01
5.264922380447387695e-01
5.858706235885620117e-01
5.870643258094787598e-01
5.164505243301391602e-01
5.614387989044189453e-01
4.909608066082000732e-01
4.942900240421295166e-01
6.037894487380981445e-01
6.175925135612487793e-01
5.674287080764770508e-01
6.211005449295043945e-01
5.559674501419067383e-01
5.938889980316162109e-01
5.670705437660217285e-01
5.575056672096252441e-01
5.315272808074951172e-01
6.286145448684692383e-01
5.958460569381713867e-01
5.244203805923461914e-01
5.735033750534057617e-01
5.502296686172485352e-01
5.693931579589843750e-01
5.772864818572998047e-01
5.920407772064208984e-01
5.999259948730468750e-01
5.192844867706298828e-01
5.714973211288452148e-01
5.174972414970397949e-01
6.852573156356811523e-01
5.797637701034545898e-01
5.115156769752502441e-01
5.600726604461669922e-01
5.805714726448059082e-01
6.005733013153076172e-01
6.162893772125244141e-01
5.676497220993041992e-01
6.605957746505737305e-01
5.605251789093017578e-01
6.034073233604431152e-01
6.397437453269958496e-01
5.714727044105529785e-01
6.567550897598266602e-01
5.243987441062927246e-01
5.126045942306518555e-01
5.341417193412780762e-01
5.642190575599670410e-01
6.599950194358825684e-01
6.009948253631591797e-01
6.297826170921325684e-01
5.031924247741699219e-01
4.524032473564147949e-01
5.053939819335937500e-01
5.729812383651733398e-01
5.270391702651977539e-01
6.588249206542968750e-01
5.646501779556274414e-01
5.714335441589355469e-01
5.982707738876342773e-01
6.404422521591186523e-01
6.655976772308349609e-01
6.245802044868469238e-01
5.677965283393859863e-01
5.988030433654785156e-01
5.603786706924438477e-01
6.136881709098815918e-01
5.113455057144165039e-01
5.207011699676513672e-01
5.293295383453369141e-01
5.746017694473266602e-01
5.537216067314147949e-01
5.914086103439331055e-01
5.955704450607299805e-01
5.990088582038879395e-01
6.061645746231079102e-01
5.910402536392211914e-01
5.934803485870361328e-01
6.216132640838623047e-01
6.131010055541992188e-01
5.457147359848022461e-01
6.176909208297729492e-01
6.081472635269165039e-01
5.173668861389160156e-01
6.443102359771728516e-01
4.886373281478881836e-01
5.065727233886718750e-01
6.061440706253051758e-01
5.402884483337402344e-01
5.729638338088989258e-01
5.932843685150146484e-01
5.273025035858154297e-01
6.207631230354309082e-01
5.698822736740112305e-01
6.206552982330322266e-01
6.315782070159912109e-01
6.450623869895935059e-01
6.273129582405090332e-01
5.176344513893127441e-01
5.312138795852661133e-01
5.616623163223266602e-01
5.840388536453247070e-01
5.765340924263000488e-01
5.624544620513916016e-01
5.875176191329956055e-01
6.170041561126708984e-01
5.409175157546997070e-01
4.924419224262237549e-01
5.689690113067626953e-01
5.194687247276306152e-01
5.620405673980712891e-01
5.011554956436157227e-01
4.955579042434692383e-01
5.917953252792358398e-01
5.681982040405273438e-01
5.425794124603271484e-01
5.352435708045959473e-01
6.075769066810607910e-01
5.965993404388427734e-01
5.227789878845214844e-01
5.763561725616455078e-01
5.119913816452026367e-01
5.214891433715820312e-01
5.382385253906250000e-01
5.665324926376342773e-01
5.163266658782958984e-01
5.867635011672973633e-01
5.451809167861938477e-01
5.267500877380371094e-01
5.381476879119873047e-01
5.702946186065673828e-01
6.278538703918457031e-01
5.354116559028625488e-01
5.910743474960327148e-01
5.819963216781616211e-01
5.153677463531494141e-01
6.171173453330993652e-01
5.835224986076354980e-01
6.237004995346069336e-01
6.326465606689453125e-01
5.874330997467041016e-01
5.287482738494873047e-01
5.929432511329650879e-01
5.766314268112182617e-01
6.252629756927490234e-01
6.262710094451904297e-01
5.964699387550354004e-01
5.443842411041259766e-01
5.401105880737304688e-01
5.018672943115234375e-01
6.344953775405883789e-01
6.037412881851196289e-01
5.607616901397705078e-01
5.417404770851135254e-01
5.899651050567626953e-01
5.565682053565979004e-01
6.369775533676147461e-01
5.202007293701171875e-01
5.637757182121276855e-01
5.778312683105468750e-01
5.934646129608154297e-01
5.837185382843017578e-01
5.480341911315917969e-01
5.843653678894042969e-01
5.036223530769348145e-01
5.945925116539001465e-01
5.708204507827758789e-01
5.675688982009887695e-01
5.829439163208007812e-01
5.487219095230102539e-01
5.453943014144897461e-01
6.011351943016052246e-01
5.227975845336914062e-01
5.685204863548278809e-01
4.858447015285491943e-01
5.419521927833557129e-01
5.699789524078369141e-01
5.988103747367858887e-01
5.188177824020385742e-01
6.315128803253173828e-01
4.909642338752746582e-01
5.910971164703369141e-01
5.910079479217529297e-01
5.915088057518005371e-01
5.693936347961425781e-01
6.055163145065307617e-01
5.979194641113281250e-01
5.235688686370849609e-01
5.650492906570434570e-01
5.639668703079223633e-01
5.503689050674438477e-01
5.626091361045837402e-01
5.823448896408081055e-01
5.324172377586364746e-01
5.639746785163879395e-01
5.334950685501098633e-01
5.964958667755126953e-01
5.685895681381225586e-01
5.778566598892211914e-01
6.115636825561523438e-01
5.634931325912475586e-01
5.300182104110717773e-01
5.448508858680725098e-01
5.944967269897460938e-01
6.006715297698974609e-01
6.488902568817138672e-01
6.262925863265991211e-01
5.335946083068847656e-01
5.585697889328002930e-01
5.678607225418090820e-01
5.557973384857177734e-01
5.985662937164306641e-01
5.422766208648681641e-01
5.155436992645263672e-01
4.843626916408538818e-01
5.449587702751159668e-01
6.166503429412841797e-01
6.260874867439270020e-01
6.078939437866210938e-01
5.535465478897094727e-01
5.569592118263244629e-01
5.505397915840148926e-01
6.156846880912780762e-01
5.492709875106811523e-01
6.033067703247070312e-01
6.448722481727600098e-01
5.782663226127624512e-01
5.521171092987060547e-01
5.593168735504150391e-01
5.993016958236694336e-01
5.696717500686645508e-01
5.026963353157043457e-01
5.911632776260375977e-01
4.911729097366333008e-01
5.275138616561889648e-01
4.886989891529083252e-01
4.881826937198638916e-01
5.724039077758789062e-01
5.697418451309204102e-01
5.664594173431396484e-01
5.732876658439636230e-01
5.590748786926269531e-01
6.599757671356201172e-01
4.701465368270874023e-01
5.775306820869445801e-01
5.550305843353271484e-01
5.803233981132507324e-01
5.424392223358154297e-01
5.665738582611083984e-01
5.933743715286254883e-01
6.234666109085083008e-01
5.570573806762695312e-01
6.034451127052307129e-01
5.156257152557373047e-01
4.639773070812225342e-01
5.852625370025634766e-01
5.238012075424194336e-01
5.802917480468750000e-01
5.155006647109985352e-01
6.276479363441467285e-01
4.981357157230377197e-01
6.333470344543457031e-01
5.984701514244079590e-01
6.667243838310241699e-01
5.438048839569091797e-01
5.486474037170410156e-01
5.973370075225830078e-01
5.159678459167480469e-01
5.264194011688232422e-01
5.460345745086669922e-01
5.247370004653930664e-01
5.566519498825073242e-01
5.534332990646362305e-01
5.448113083839416504e-01
6.602219343185424805e-01
5.647616386413574219e-01
6.157065629959106445e-01
6.117063760757446289e-01
6.053256988525390625e-01
5.496550798416137695e-01
4.994480907917022705e-01
5.513055324554443359e-01
5.196141004562377930e-01
5.126760005950927734e-01
5.586664676666259766e-01
5.866765975952148438e-01
5.411650538444519043e-01
5.146254897117614746e-01
5.469460487365722656e-01
6.394556760787963867e-01
5.743016004562377930e-01
5.347288846969604492e-01
5.496670603752136230e-01
5.863406658172607422e-01
5.390899181365966797e-01
5.659955739974975586e-01
5.904094576835632324e-01
6.319922208786010742e-01
5.152281522750854492e-01
6.014927625656127930e-01
4.939974546432495117e-01
5.065517425537109375e-01
5.365291833877563477e-01
5.504176616668701172e-01
5.188398361206054688e-01
6.283643245697021484e-01
5.900378823280334473e-01
5.777403116226196289e-01
5.212172865867614746e-01
5.625960826873779297e-01
6.366617679595947266e-01
5.516226291656494141e-01
5.793423652648925781e-01
5.439732074737548828e-01
5.748633146286010742e-01
5.201027393341064453e-01
5.670264959335327148e-01
5.696040391921997070e-01
5.390584468841552734e-01
6.024960279464721680e-01
5.568856000900268555e-01
5.502076148986816406e-01
5.740497112274169922e-01
5.592167377471923828e-01
5.240169763565063477e-01
5.194269418716430664e-01
5.669822692871093750e-01
5.953662991523742676e-01
5.687959194183349609e-01
5.100884437561035156e-01
5.127685070037841797e-01
5.276281833648681641e-01
6.042225360870361328e-01
5.053594112396240234e-01
5.234123468399047852e-01
5.844273567199707031e-01
6.029374003410339355e-01
6.104502677917480469e-01
5.544147491455078125e-01
6.122856140136718750e-01
5.625445842742919922e-01
5.911242961883544922e-01
5.402220487594604492e-01
5.812597274780273438e-01
5.632354021072387695e-01
5.567436218261718750e-01
5.597252845764160156e-01
5.385845899581909180e-01
5.852560997009277344e-01
6.124733686447143555e-01
5.872676372528076172e-01
5.691070556640625000e-01
6.186103820800781250e-01
5.553907155990600586e-01
5.875468254089355469e-01
6.299126148223876953e-01
5.149661302566528320e-01
5.354437828063964844e-01
5.035557150840759277e-01
5.695933103561401367e-01
6.098037958145141602e-01
5.708900690078735352e-01
5.181857347488403320e-01
5.649312734603881836e-01
5.827354192733764648e-01
4.926517903804779053e-01
5.412188768386840820e-01
5.669679641723632812e-01
6.639840006828308105e-01
5.768759846687316895e-01
5.971155166625976562e-01
5.396014451980590820e-01
6.251955628395080566e-01
5.451573133468627930e-01
7.026882171630859375e-01
6.012432575225830078e-01
5.998696088790893555e-01
5.875340700149536133e-01
5.493939518928527832e-01
5.899035930633544922e-01
7.192609310150146484e-01
5.611348152160644531e-01
5.410882234573364258e-01
6.053585410118103027e-01
5.467034578323364258e-01
5.855575203895568848e-01
5.266981124877929688e-01
5.656189918518066406e-01
6.037317514419555664e-01
5.824046134948730469e-01
5.238142609596252441e-01
6.408249139785766602e-01
5.499272346496582031e-01
5.392944812774658203e-01
5.524737834930419922e-01
5.467302799224853516e-01
6.036365032196044922e-01
5.958814620971679688e-01
5.254694223403930664e-01
5.506479740142822266e-01
5.302537679672241211e-01
5.424301624298095703e-01
5.995934009552001953e-01
4.761626422405242920e-01
5.861833095550537109e-01
5.886278152465820312e-01
6.187343597412109375e-01
5.622634291648864746e-01
5.136538743972778320e-01
5.360307097434997559e-01
5.252780914306640625e-01
6.183219552040100098e-01
5.465404987335205078e-01
6.075055003166198730e-01
5.440001487731933594e-01
5.409165620803833008e-01
5.227727890014648438e-01
5.478042960166931152e-01
5.509842634201049805e-01
5.884423255920410156e-01
5.668829679489135742e-01
5.117409229278564453e-01
6.115892529487609863e-01
6.162028312683105469e-01
5.890513658523559570e-01
5.592045783996582031e-01
5.122959613800048828e-01
5.609747171401977539e-01
5.576773881912231445e-01
5.259993076324462891e-01
6.223723888397216797e-01
5.612283945083618164e-01
5.642021894454956055e-01
5.990702509880065918e-01
5.967947244644165039e-01
5.831481218338012695e-01
5.387579202651977539e-01
6.452839374542236328e-01
5.817452073097229004e-01
5.631166100502014160e-01
5.517514348030090332e-01
4.967909157276153564e-01
5.612334012985229492e-01
5.236603617668151855e-01
6.354503631591796875e-01
5.698704719543457031e-01
5.383414626121520996e-01
5.728259086608886719e-01
5.913105010986328125e-01
5.862619876861572266e-01
5.941184759140014648e-01
5.632243156433105469e-01
5.676841139793395996e-01
6.075097322463989258e-01
5.577707290649414062e-01
5.383790731430053711e-01
5.885061025619506836e-01
6.272894740104675293e-01
5.251622200012207031e-01
5.461546182632446289e-01
5.705642700195312500e-01
5.802519917488098145e-01
6.033294200897216797e-01
5.395437479019165039e-01
4.980528652667999268e-01
5.291467308998107910e-01
5.507105588912963867e-01
5.734723806381225586e-01
5.926043391227722168e-01
5.127695798873901367e-01
5.119826793670654297e-01
4.675289094448089600e-01
5.606905221939086914e-01
5.644151568412780762e-01
6.440935730934143066e-01
6.444860696792602539e-01
5.568590164184570312e-01
5.262520313262939453e-01
5.662879943847656250e-01
5.711448192596435547e-01
5.754044055938720703e-01
5.598839521408081055e-01
5.844634771347045898e-01
5.093603730201721191e-01
6.090517044067382812e-01
5.892528295516967773e-01
6.144021749496459961e-01
5.430310368537902832e-01
5.670672655105590820e-01
5.301327109336853027e-01
5.410650372505187988e-01
6.156700849533081055e-01
5.140948295593261719e-01
5.661305189132690430e-01
5.978291034698486328e-01
6.525673866271972656e-01
5.875751972198486328e-01
5.545809268951416016e-01
6.020190715789794922e-01
5.981652736663818359e-01
5.345423817634582520e-01
6.405888795852661133e-01
5.499281883239746094e-01
5.778790712356567383e-01
6.425531506538391113e-01
5.456677079200744629e-01
6.014781594276428223e-01
5.548034310340881348e-01
5.413174629211425781e-01
5.939160585403442383e-01
5.505448579788208008e-01
5.394017100334167480e-01
4.640522003173828125e-01
6.332668066024780273e-01
6.577270030975341797e-01
5.637328624725341797e-01
5.418791770935058594e-01
5.921847224235534668e-01
5.937108993530273438e-01
6.298582553863525391e-01
5.888732671737670898e-01
5.959212779998779297e-01
5.651358366012573242e-01
5.296359062194824219e-01
5.270304083824157715e-01
5.148759484291076660e-01
5.785999298095703125e-01
5.815441608428955078e-01
5.953631997108459473e-01
4.861094951629638672e-01
4.759290516376495361e-01
5.176029205322265625e-01
5.319912433624267578e-01
5.976694822311401367e-01
5.036809444427490234e-01
5.223079323768615723e-01
5.848010778427124023e-01
6.917152404785156250e-01
5.737231969833374023e-01
6.208284497261047363e-01
5.131190419197082520e-01
5.652107000350952148e-01
5.140171647071838379e-01
5.826280117034912109e-01
6.254271268844604492e-01
5.654863119125366211e-01
5.953993797302246094e-01
5.284129381179809570e-01
5.575437545776367188e-01
5.248359441757202148e-01
5.759621858596801758e-01
4.872879385948181152e-01
5.550516843795776367e-01
5.288665294647216797e-01
5.495975017547607422e-01
5.658263564109802246e-01
5.256586074829101562e-01
5.690848231315612793e-01
6.686922311782836914e-01
5.415664911270141602e-01
4.913174510002136230e-01
4.610465168952941895e-01
5.413993000984191895e-01
5.058710575103759766e-01
5.603226423263549805e-01
5.946037769317626953e-01
5.375211834907531738e-01
5.005257725715637207e-01
6.530410647392272949e-01
5.412650704383850098e-01
5.677905082702636719e-01
6.069029569625854492e-01
6.233097314834594727e-01
6.306122541427612305e-01
5.835995674133300781e-01
5.621380805969238281e-01
5.160166025161743164e-01
5.687379837036132812e-01
5.629775524139404297e-01
5.926925539970397949e-01
6.315652132034301758e-01
5.401353240013122559e-01
5.481502413749694824e-01
4.981184601783752441e-01
5.273977518081665039e-01
6.259140372276306152e-01
5.908851623535156250e-01
6.107735633850097656e-01
5.956767201423645020e-01
5.137987136840820312e-01
6.017895936965942383e-01
6.141732335090637207e-01
5.604377985000610352e-01
6.398248076438903809e-01
5.516451001167297363e-01
5.491399168968200684e-01
5.427131652832031250e-01
5.767170190811157227e-01
5.874751806259155273e-01
6.218699216842651367e-01
5.741125345230102539e-01
5.761185884475708008e-01
5.427749156951904297e-01
4.827513694763183594e-01
5.471501946449279785e-01
5.946516990661621094e-01
6.576400995254516602e-01
5.854433178901672363e-01
5.728098154067993164e-01
5.359137058258056641e-01
6.090638637542724609e-01
5.335516333580017090e-01
5.322539806365966797e-01
6.039316654205322266e-01
5.520069599151611328e-01
5.432365536689758301e-01
5.217756032943725586e-01
5.161678194999694824e-01
5.252887010574340820e-01
6.717318296432495117e-01
5.358188748359680176e-01
5.746544599533081055e-01
5.652283430099487305e-01
6.051213741302490234e-01
5.711121559143066406e-01
6.188590526580810547e-01
5.088264346122741699e-01
5.413633584976196289e-01
4.981667101383209229e-01
5.004470348358154297e-01
5.185024738311767578e-01
5.621567964553833008e-01
5.944690704345703125e-01
6.023919582366943359e-01
5.873670578002929688e-01
6.207536458969116211e-01
5.556224584579467773e-01
6.125358343124389648e-01
5.638637542724609375e-01
5.918376445770263672e-01
5.784860849380493164e-01
5.447276830673217773e-01
6.307571530342102051e-01
5.606647729873657227e-01
5.683881640434265137e-01
5.644609928131103516e-01
5.207524299621582031e-01
5.450484752655029297e-01
5.887389183044433594e-01
5.603650808334350586e-01
6.342617273330688477e-01
6.047733426094055176e-01
5.214258432388305664e-01
5.423802137374877930e-01
5.917928218841552734e-01
5.900756716728210449e-01
5.710842013359069824e-01
5.026811361312866211e-01
5.724259614944458008e-01
5.604572296142578125e-01
5.713632702827453613e-01
6.190181374549865723e-01
5.859851837158203125e-01
5.921171903610229492e-01
5.079971551895141602e-01
5.702838897705078125e-01
5.960680246353149414e-01
5.738505125045776367e-01
6.169060468673706055e-01
5.503460168838500977e-01
5.138128995895385742e-01
6.085429191589355469e-01
5.812596082687377930e-01
6.136394739151000977e-01
5.269355773925781250e-01
4.827999472618103027e-01
6.547094583511352539e-01
5.413596630096435547e-01
5.570536851882934570e-01
5.667608976364135742e-01
5.685052871704101562e-01
5.897333025932312012e-01
4.655640125274658203e-01
5.520552396774291992e-01
5.338882207870483398e-01
5.658223628997802734e-01
5.884552001953125000e-01
5.467556118965148926e-01
5.418192744255065918e-01
5.498721599578857422e-01
5.836154222488403320e-01
6.212688088417053223e-01
5.502921938896179199e-01
5.837822556495666504e-01
6.267309188842773438e-01
6.041337251663208008e-01
4.825598597526550293e-01
5.107538700103759766e-01
5.684652328491210938e-01
6.486092209815979004e-01
5.983490943908691406e-01
5.592293739318847656e-01
5.753034949302673340e-01
5.541092157363891602e-01
5.160828828811645508e-01
5.922206640243530273e-01
5.524258613586425781e-01
6.216444969177246094e-01
6.690497398376464844e-01
6.396625041961669922e-01
5.423924922943115234e-01
6.146493554115295410e-01
5.342891216278076172e-01
4.704574048519134521e-01
6.230266094207763672e-01
5.368749499320983887e-01
6.115026473999023438e-01
5.499789714813232422e-01
5.399162769317626953e-01
5.302432775497436523e-01
5.510575771331787109e-01
5.163125395774841309e-01
5.896575450897216797e-01
6.411913037300109863e-01
6.280795335769653320e-01
5.102677941322326660e-01
5.703971982002258301e-01
6.038829088211059570e-01
4.929119646549224854e-01
6.490204334259033203e-01
6.182641386985778809e-01
6.210730075836181641e-01
5.543024539947509766e-01
5.088114142417907715e-01
6.035819053649902344e-01
5.463988780975341797e-01
5.777806639671325684e-01
6.094181537628173828e-01
5.956448316574096680e-01
6.261157393455505371e-01
5.469340682029724121e-01
6.133074164390563965e-01
6.189336776733398438e-01
6.251276135444641113e-01
5.987389087677001953e-01
5.441251993179321289e-01
5.394742488861083984e-01
5.987159013748168945e-01
5.956355333328247070e-01
6.202007532119750977e-01
5.866306424140930176e-01
6.459673643112182617e-01
5.091407299041748047e-01
5.286991000175476074e-01
5.885716676712036133e-01
5.906668901443481445e-01
6.451243758201599121e-01
4.567773640155792236e-01
5.334982872009277344e-01
5.345223546028137207e-01
5.589570999145507812e-01
5.507897734642028809e-01
5.557744503021240234e-01
6.320444941520690918e-01
5.235853791236877441e-01
5.471162199974060059e-01
5.602640509605407715e-01
5.988986492156982422e-01
5.464172363281250000e-01
5.928160548210144043e-01
5.706266164779663086e-01
5.685924291610717773e-01
4.674396514892578125e-01
6.552661061286926270e-01
5.342602729797363281e-01
6.408625245094299316e-01
5.492583513259887695e-01
5.407568216323852539e-01
5.156209468841552734e-01
5.137131214141845703e-01
5.513043403625488281e-01
5.838528871536254883e-01
6.090843081474304199e-01
5.976179838180541992e-01
5.093417167663574219e-01
5.396440029144287109e-01
6.266652941703796387e-01
5.730915069580078125e-01
6.517274975776672363e-01
5.517424941062927246e-01
5.650715827941894531e-01
5.548906922340393066e-01
5.188407897949218750e-01
5.529958009719848633e-01
5.429764986038208008e-01
6.470693349838256836e-01
5.537495017051696777e-01
6.255480051040649414e-01
6.200624704360961914e-01
5.564783811569213867e-01
5.791936516761779785e-01
5.445491671562194824e-01
5.454198122024536133e-01
5.103206634521484375e-01
5.541107058525085449e-01
5.631351470947265625e-01
5.907745361328125000e-01
5.669540762901306152e-01
6.120471358299255371e-01
5.972622632980346680e-01
5.606293082237243652e-01
5.820514559745788574e-01
6.389578580856323242e-01
5.207135081291198730e-01
6.029078960418701172e-01
5.629377365112304688e-01
6.548236608505249023e-01
5.545473098754882812e-01
6.163020133972167969e-01
5.877159833908081055e-01
5.982672572135925293e-01
5.795439481735229492e-01
5.143588781356811523e-01
5.502103567123413086e-01
6.179581284523010254e-01
5.640528202056884766e-01
6.029676795005798340e-01
5.385713577270507812e-01
5.360218286514282227e-01
6.065211296081542969e-01
6.332663297653198242e-01
6.238563060760498047e-01
6.141952276229858398e-01
4.989679753780364990e-01
4.985426068305969238e-01
5.305328369140625000e-01
4.955013394355773926e-01
5.574764013290405273e-01
5.627887248992919922e-01
5.923489928245544434e-01
5.236531496047973633e-01
5.727628469467163086e-01
4.781773984432220459e-01
5.507065057754516602e-01
5.993021726608276367e-01
5.813701152801513672e-01
5.920907258987426758e-01
5.459161996841430664e-01
4.893902540206909180e-01
6.158171296119689941e-01
6.127711534500122070e-01
5.705458521842956543e-01
5.972047448158264160e-01
5.209094285964965820e-01
5.316853523254394531e-01
4.862061440944671631e-01
4.776189029216766357e-01
5.689126253128051758e-01
6.093168258666992188e-01
5.968614816665649414e-01
6.389085054397583008e-01
5.843979120254516602e-01
5.715119242668151855e-01
5.402523279190063477e-01
5.033245682716369629e-01
6.006546616554260254e-01
6.864247322082519531e-01
5.954868197441101074e-01
5.649238824844360352e-01
4.897782206535339355e-01
5.818313360214233398e-01
5.882636308670043945e-01
6.918574571609497070e-01
5.652421116828918457e-01
5.967246294021606445e-01
5.375775098800659180e-01
6.073553562164306641e-01
5.297213792800903320e-01
5.730136632919311523e-01
5.887181758880615234e-01
5.250024199485778809e-01
6.147027611732482910e-01
5.999459028244018555e-01
5.767900943756103516e-01
5.958096981048583984e-01
5.917408466339111328e-01
6.118419766426086426e-01
5.920482873916625977e-01
5.362526178359985352e-01
5.101605653762817383e-01
5.585139393806457520e-01
5.576355457305908203e-01
5.541374683380126953e-01
5.438529253005981445e-01
5.450407862663269043e-01
5.522104501724243164e-01
5.331048965454101562e-01
6.196960210800170898e-01
6.051654815673828125e-01
6.077420711517333984e-01
5.923451185226440430e-01
6.160644292831420898e-01
6.540793776512145996e-01
5.358278155326843262e-01
5.580817461013793945e-01
4.980044662952423096e-01
5.721894502639770508e-01
5.697596073150634766e-01
5.296032428741455078e-01
5.818848609924316406e-01
5.423176288604736328e-01
5.255538225173950195e-01
6.033129692077636719e-01
4.911790192127227783e-01
5.129996538162231445e-01
5.907041430473327637e-01
5.311475992202758789e-01
5.928345918655395508e-01
5.970093011856079102e-01
6.532518863677978516e-01
6.056516170501708984e-01
6.281929016113281250e-01
4.963791370391845703e-01
4.993078112602233887e-01
5.996740460395812988e-01
6.312749385833740234e-01
5.393338203430175781e-01
6.213874816894531250e-01
5.531517267227172852e-01
5.057262182235717773e-01
5.903345346450805664e-01
6.167556643486022949e-01
6.342312693595886230e-01
5.761417150497436523e-01
5.613955259323120117e-01
4.856704175472259521e-01
5.554727315902709961e-01
5.584098696708679199e-01
6.439650654792785645e-01
5.458724498748779297e-01
6.150793433189392090e-01
5.014837980270385742e-01
5.368994474411010742e-01
6.340855956077575684e-01
6.217228174209594727e-01
5.956991910934448242e-01
5.755785703659057617e-01
5.600905418395996094e-01
5.309879779815673828e-01
5.418046116828918457e-01
6.257569789886474609e-01
5.633258819580078125e-01
6.140017509460449219e-01
5.910773277282714844e-01
5.147438049316406250e-01
4.992743432521820068e-01
5.548675060272216797e-01
5.557022690773010254e-01
6.052867174148559570e-01
6.129925251007080078e-01
5.731410980224609375e-01
5.787575244903564453e-01
5.591530799865722656e-01
5.642696619033813477e-01
5.967768430709838867e-01
5.355340838432312012e-01
5.268458127975463867e-01
5.642732381820678711e-01
5.591124296188354492e-01
5.408439636230468750e-01
5.764141082763671875e-01
5.883581638336181641e-01
6.198179721832275391e-01
6.587609052658081055e-01
5.667064785957336426e-01
5.904523134231567383e-01
6.352547407150268555e-01
6.232324838638305664e-01
5.085085034370422363e-01
5.566778182983398438e-01
6.424612998962402344e-01
5.739671587944030762e-01
5.364152193069458008e-01
5.529853105545043945e-01
6.115583181381225586e-01
4.961811006069183350e-01
5.528945922851562500e-01
5.474921464920043945e-01
5.309353470802307129e-01
6.144146919250488281e-01
5.454609990119934082e-01
4.689757823944091797e-01
5.254192352294921875e-01
5.312863588333129883e-01
5.308440327644348145e-01
5.740065574645996094e-01
5.309743881225585938e-01
5.961133241653442383e-01
5.686811804771423340e-01
5.553545355796813965e-01
5.164536237716674805e-01
5.985107421875000000e-01
5.368732213973999023e-01
5.533359050750732422e-01
5.685378313064575195e-01
6.030662059783935547e-01
5.645097494125366211e-01
6.187652349472045898e-01
5.657144784927368164e-01
5.911022424697875977e-01
5.410320758819580078e-01
5.162003636360168457e-01
5.086871385574340820e-01
5.428404808044433594e-01
6.296442151069641113e-01
6.416257619857788086e-01
5.443478822708129883e-01
5.802726745605468750e-01
5.030155181884765625e-01
5.127384662628173828e-01
5.590072274208068848e-01
5.838209390640258789e-01
6.430566310882568359e-01
5.278321504592895508e-01
5.457613468170166016e-01
5.713016986846923828e-01
5.049538612365722656e-01
5.197746753692626953e-01
6.064115762710571289e-01
5.094152688980102539e-01
5.186419486999511719e-01
5.698037147521972656e-01
4.904295802116394043e-01
5.869479179382324219e-01
6.435630321502685547e-01
5.642105937004089355e-01
5.112763643264770508e-01
5.823600888252258301e-01
5.544531345367431641e-01
4.966113567352294922e-01
5.300293564796447754e-01
5.238579511642456055e-01
5.675383806228637695e-01
5.898727178573608398e-01
5.775740146636962891e-01
4.979882240295410156e-01
5.374339222908020020e-01
5.638447403907775879e-01
6.142609119415283203e-01
5.992819070816040039e-01
5.469573140144348145e-01
5.852655768394470215e-01
6.198154687881469727e-01
5.322605371475219727e-01
5.578681230545043945e-01
5.884132385253906250e-01
6.945095062255859375e-01
6.071110963821411133e-01
5.945402383804321289e-01
5.394353270530700684e-01
5.015263557434082031e-01
6.348901987075805664e-01
6.019434928894042969e-01
5.921845436096191406e-01
5.464611053466796875e-01
4.502587318420410156e-01
6.098224520683288574e-01
5.875232219696044922e-01
5.396713018417358398e-01
5.932469964027404785e-01
5.965387821197509766e-01
6.281877756118774414e-01
5.754021406173706055e-01
6.122792959213256836e-01
5.320153236389160156e-01
5.307828187942504883e-01
5.791292190551757812e-01
5.792649388313293457e-01
5.943807363510131836e-01
5.326999425888061523e-01
5.997620224952697754e-01
6.077038049697875977e-01
5.691844224929809570e-01
6.721774339675903320e-01
5.701456665992736816e-01
5.660256147384643555e-01
5.834097862243652344e-01
5.042320489883422852e-01
5.774876475334167480e-01
6.681637763977050781e-01
6.209042072296142578e-01
6.425253748893737793e-01
5.678927898406982422e-01
5.577400922775268555e-01
6.001733541488647461e-01
6.263651847839355469e-01
6.171164512634277344e-01
6.001671552658081055e-01
5.928190350532531738e-01
4.853308200836181641e-01
5.341414213180541992e-01
5.489028096199035645e-01
5.054014921188354492e-01
5.420755147933959961e-01
5.815554857254028320e-01
6.367458105087280273e-01
5.694977045059204102e-01
5.829932689666748047e-01
5.574638843536376953e-01
5.350619554519653320e-01
5.613236427307128906e-01
5.671974420547485352e-01
5.349061489105224609e-01
6.501761674880981445e-01
5.536145567893981934e-01
5.772623419761657715e-01
6.360182762145996094e-01
5.501208305358886719e-01
6.023166179656982422e-01
4.960388243198394775e-01
5.650043487548828125e-01
6.738024950027465820e-01
6.507787704467773438e-01
5.634161233901977539e-01
6.377142667770385742e-01
5.814092159271240234e-01
6.025919318199157715e-01
5.454314351081848145e-01
5.520980954170227051e-01
5.532358884811401367e-01
5.444390177726745605e-01
5.264346599578857422e-01
5.624135732650756836e-01
5.389581918716430664e-01
5.628520250320434570e-01
5.992108583450317383e-01
6.149360537528991699e-01
5.626133680343627930e-01
5.680786371231079102e-01
6.087448000907897949e-01
5.751079916954040527e-01
5.996769666671752930e-01
5.862730741500854492e-01
6.631294488906860352e-01
6.275163292884826660e-01
5.805110931396484375e-01
5.827844142913818359e-01
6.299817562103271484e-01
5.891219377517700195e-01
5.816107988357543945e-01
5.541056394577026367e-01
5.715622901916503906e-01
5.771425962448120117e-01
5.033529400825500488e-01
5.457296371459960938e-01
6.150878667831420898e-01
5.106784105300903320e-01
5.395524501800537109e-01
5.677031278610229492e-01
5.327451229095458984e-01
5.690003037452697754e-01
5.142544507980346680e-01
5.563372373580932617e-01
6.343982219696044922e-01
5.659693479537963867e-01
5.603605508804321289e-01
6.151440143585205078e-01
5.359461307525634766e-01
5.811954736709594727e-01
6.414821147918701172e-01
6.121305823326110840e-01
5.038331747055053711e-01
5.405981540679931641e-01
5.840314030647277832e-01
5.405759215354919434e-01
5.896943807601928711e-01
6.311009526252746582e-01
6.065222024917602539e-01
5.967993140220642090e-01
5.616881847381591797e-01
4.528257846832275391e-01
5.545334219932556152e-01
5.735980272293090820e-01
6.031734943389892578e-01
5.605113506317138672e-01
5.700387954711914062e-01
5.248520374298095703e-01
5.124080181121826172e-01
5.137423276901245117e-01
5.288690328598022461e-01
5.948525667190551758e-01
5.281810760498046875e-01
5.538688898086547852e-01
5.607681274414062500e-01
5.524487495422363281e-01
5.172592997550964355e-01
5.577839612960815430e-01
5.589761734008789062e-01
6.103271245956420898e-01
6.025747656822204590e-01
5.827162265777587891e-01
5.765511989593505859e-01
5.517693758010864258e-01
5.653817653656005859e-01
6.513797044754028320e-01
6.035946607589721680e-01
6.044420599937438965e-01
6.348576545715332031e-01
4.985095560550689697e-01
5.412122011184692383e-01
5.154370069503784180e-01
5.377547740936279297e-01
5.434334278106689453e-01
4.908757507801055908e-01
6.361991167068481445e-01
5.949901342391967773e-01
4.908106923103332520e-01
5.171113014221191406e-01
5.863384604454040527e-01
5.495882034301757812e-01
6.149214506149291992e-01
6.930797100067138672e-01
5.612315535545349121e-01
5.786170363426208496e-01
5.303828716278076172e-01
6.215716600418090820e-01
5.606374740600585938e-01
5.703306198120117188e-01
5.939922332763671875e-01
5.094821453094482422e-01
4.894537329673767090e-01
5.611363649368286133e-01
4.925142824649810791e-01
5.266339778900146484e-01
6.151407957077026367e-01
5.010110139846801758e-01
5.764096975326538086e-01
5.557793378829956055e-01
6.086098551750183105e-01
6.134580373764038086e-01
5.892440080642700195e-01
5.791139006614685059e-01
6.019827723503112793e-01
5.301992893218994141e-01
5.834321379661560059e-01
5.760041475296020508e-01
5.096640586853027344e-01
5.132566690444946289e-01
5.161430239677429199e-01
6.258527040481567383e-01
5.425565242767333984e-01
6.014477610588073730e-01
6.232857704162597656e-01
5.725256204605102539e-01
5.061609148979187012e-01
5.986568927764892578e-01
5.954486727714538574e-01
5.817677378654479980e-01
5.185701847076416016e-01
5.551623106002807617e-01
4.815621674060821533e-01
5.678744316101074219e-01
5.943039655685424805e-01
6.449352502822875977e-01
5.423679947853088379e-01
5.190020799636840820e-01
5.071939229965209961e-01
5.401127338409423828e-01
5.234071016311645508e-01
6.433915495872497559e-01
5.707306861877441406e-01
5.819200277328491211e-01
6.039199829101562500e-01
5.110744237899780273e-01
5.611006617546081543e-01
5.687311887741088867e-01
5.909147262573242188e-01
6.048099994659423828e-01
5.590049624443054199e-01
5.875130295753479004e-01
5.391283035278320312e-01
5.451500415802001953e-01
5.510373115539550781e-01
5.954664349555969238e-01
5.768115520477294922e-01
5.967699289321899414e-01
5.671395659446716309e-01
5.758885145187377930e-01
5.098733901977539062e-01
6.014040708541870117e-01
5.658096075057983398e-01
6.330828666687011719e-01
5.769692659378051758e-01
5.199647545814514160e-01
5.397414565086364746e-01
5.631153583526611328e-01
5.813952088356018066e-01
5.060443878173828125e-01
5.588454008102416992e-01
5.587268471717834473e-01
6.422218084335327148e-01
5.950248837471008301e-01
5.401028394699096680e-01
5.301235914230346680e-01
5.710996985435485840e-01
6.222960352897644043e-01
5.468573570251464844e-01
5.788727402687072754e-01
5.668666958808898926e-01
5.362184047698974609e-01
5.917310714721679688e-01
6.277114152908325195e-01
5.047355890274047852e-01
5.698864459991455078e-01
5.553424358367919922e-01
5.166227817535400391e-01
5.241074562072753906e-01
5.104429125785827637e-01
6.374651193618774414e-01
5.753078460693359375e-01
5.459157228469848633e-01
5.129672884941101074e-01
6.067140102386474609e-01
5.373554825782775879e-01
5.637938976287841797e-01
5.381242036819458008e-01
5.260694026947021484e-01
5.364905595779418945e-01
6.035784482955932617e-01
5.864580869674682617e-01
6.759135723114013672e-01
5.436086654663085938e-01
5.482087731361389160e-01
5.739499330520629883e-01
5.786094069480895996e-01
4.793128967285156250e-01
5.777565240859985352e-01
5.780616998672485352e-01
6.487880945205688477e-01
5.982010364532470703e-01
6.045348644256591797e-01
5.752761960029602051e-01
5.695360898971557617e-01
5.164167881011962891e-01
6.676599979400634766e-01
5.156942009925842285e-01
5.874282121658325195e-01
5.848786830902099609e-01
5.400575399398803711e-01
5.612143278121948242e-01
6.308043599128723145e-01
5.610177516937255859e-01
4.975061714649200439e-01
6.119952201843261719e-01
5.786446332931518555e-01
5.748378634452819824e-01
5.963091850280761719e-01
5.731951594352722168e-01
5.617233514785766602e-01
5.504943132400512695e-01
5.563689470291137695e-01
6.143733263015747070e-01
6.014106273651123047e-01
5.603716373443603516e-01
6.162779331207275391e-01
5.278109312057495117e-01
5.351194143295288086e-01
5.979310274124145508e-01
5.544036626815795898e-01
5.586937069892883301e-01
6.051151752471923828e-01
5.375627279281616211e-01
6.619882583618164062e-01
5.615530610084533691e-01
5.689970254898071289e-01
6.101295948028564453e-01
5.516738295555114746e-01
5.466821789741516113e-01
5.383689403533935547e-01
5.969004631042480469e-01
6.601051092147827148e-01
5.279470682144165039e-01
5.346821546554565430e-01
6.157754659652709961e-01
5.534846782684326172e-01
5.636047124862670898e-01
5.683089494705200195e-01
5.298244953155517578e-01
5.557969808578491211e-01
6.218489408493041992e-01
5.971021652221679688e-01
5.802208781242370605e-01
5.777443647384643555e-01
5.846248865127563477e-01
5.398532152175903320e-01
5.754671096801757812e-01
5.926101207733154297e-01
5.420077443122863770e-01
6.093213558197021484e-01
5.480676293373107910e-01
6.113377213478088379e-01
6.000910401344299316e-01
5.494695901870727539e-01
5.539858341217041016e-01
5.954774618148803711e-01
5.279356837272644043e-01
6.049845218658447266e-01
5.734245777130126953e-01
5.385017395019531250e-01
6.068775057792663574e-01
5.575367212295532227e-01
5.264956951141357422e-01
5.533802509307861328e-01
6.592997908592224121e-01
6.534935235977172852e-01
5.127233266830444336e-01
5.630080103874206543e-01
5.145593285560607910e-01
5.536750555038452148e-01
5.978702306747436523e-01
5.438354611396789551e-01
5.462896227836608887e-01
5.969724655151367188e-01
6.697266101837158203e-01
5.636333227157592773e-01
5.446900129318237305e-01
6.070306301116943359e-01
5.928369760513305664e-01
6.107577085494995117e-01
5.645813941955566406e-01
5.735517144203186035e-01
6.265054345130920410e-01
6.027858257293701172e-01
5.960612893104553223e-01
4.931855797767639160e-01
5.860595703125000000e-01
6.132591962814331055e-01
5.643854141235351562e-01
6.198530197143554688e-01
5.518438816070556641e-01
6.265904903411865234e-01
6.235157847404479980e-01
5.922924876213073730e-01
5.944861173629760742e-01
5.566718578338623047e-01
5.331561565399169922e-01
5.502955913543701172e-01
5.922744274139404297e-01
5.284527540206909180e-01
5.017212629318237305e-01
5.702802538871765137e-01
5.822503566741943359e-01
5.734207630157470703e-01
6.197632551193237305e-01
5.690428614616394043e-01
5.336556434631347656e-01
5.437990427017211914e-01
5.733488798141479492e-01
5.747357606887817383e-01
5.649675726890563965e-01
5.984560251235961914e-01
5.877423286437988281e-01
5.769748687744140625e-01
5.756666660308837891e-01
4.983255267143249512e-01
5.317210555076599121e-01
5.345915555953979492e-01
5.898903608322143555e-01
5.710397362709045410e-01
6.420139074325561523e-01
5.997892022132873535e-01
5.432764291763305664e-01
5.917515158653259277e-01
6.359421014785766602e-01
5.380766391754150391e-01
5.385596752166748047e-01
5.454211831092834473e-01
5.767784714698791504e-01
5.802820920944213867e-01
5.425535440444946289e-01
5.787482857704162598e-01
6.196261644363403320e-01
5.393741130828857422e-01
5.624328851699829102e-01
5.865054130554199219e-01
5.331292152404785156e-01
5.418913364410400391e-01
5.197257399559020996e-01
5.999518632888793945e-01
5.896956920623779297e-01
6.378774046897888184e-01
5.781713724136352539e-01
5.052650570869445801e-01
5.506267547607421875e-01
6.245174407958984375e-01
6.488774418830871582e-01
5.890426635742187500e-01
6.033661365509033203e-01
6.181875467300415039e-01
6.047140359878540039e-01
6.374154090881347656e-01
5.632628202438354492e-01
5.472598075866699219e-01
5.999612808227539062e-01
5.845826268196105957e-01
5.600328445434570312e-01
5.872293710708618164e-01
5.660744905471801758e-01
6.022012829780578613e-01
5.930842757225036621e-01
6.171470284461975098e-01
5.675102472305297852e-01
5.391523241996765137e-01
5.272955894470214844e-01
6.072961091995239258e-01
5.848079919815063477e-01
6.048219203948974609e-01
6.415698528289794922e-01
5.860657095909118652e-01
5.761662721633911133e-01
5.509310960769653320e-01
5.372849106788635254e-01
5.303212404251098633e-01
5.568297505378723145e-01
5.441206693649291992e-01
6.029776334762573242e-01
5.567325353622436523e-01
5.968303084373474121e-01
5.274935960769653320e-01
6.218719482421875000e-01
6.172984838485717773e-01
5.921627283096313477e-01
5.504553318023681641e-01
5.477056503295898438e-01
5.728933215141296387e-01
5.893608331680297852e-01
5.043702125549316406e-01
6.030659675598144531e-01
5.840253829956054688e-01
6.226532459259033203e-01
5.416030287742614746e-01
5.719729065895080566e-01
5.879462361335754395e-01
6.020442247390747070e-01
5.740541219711303711e-01
5.396709442138671875e-01
4.842573404312133789e-01
5.017039775848388672e-01
5.585246682167053223e-01
5.713782310485839844e-01
6.156342029571533203e-01
5.417251586914062500e-01
6.907005310058593750e-01
5.489188432693481445e-01
6.406929492950439453e-01
5.991761684417724609e-01
6.079398393630981445e-01
5.794261693954467773e-01
5.797370672225952148e-01
5.889392495155334473e-01
5.365335345268249512e-01
5.512998104095458984e-01
5.532779097557067871e-01
5.560410618782043457e-01
5.594246983528137207e-01
4.990502297878265381e-01
5.274125337600708008e-01
6.029149293899536133e-01
5.755647420883178711e-01
6.288629770278930664e-01
5.667724609375000000e-01
6.421263217926025391e-01
5.912905335426330566e-01
5.659502744674682617e-01
5.508612990379333496e-01
6.176187992095947266e-01
5.523096323013305664e-01
6.059609055519104004e-01
6.187587976455688477e-01
4.941075444221496582e-01
6.372669935226440430e-01
5.794357061386108398e-01
4.708279371261596680e-01
6.131676435470581055e-01
6.474305391311645508e-01
6.426564455032348633e-01
6.063871383666992188e-01
5.162850618362426758e-01
5.919066667556762695e-01
5.242664813995361328e-01
5.475810170173645020e-01
5.881180167198181152e-01
6.425265669822692871e-01
5.668222904205322266e-01
5.702585577964782715e-01
5.733218789100646973e-01
5.544060468673706055e-01
6.108096837997436523e-01
5.849277973175048828e-01
4.821526706218719482e-01
5.473785400390625000e-01
4.902896881103515625e-01
4.570971727371215820e-01
6.244546175003051758e-01
5.700424313545227051e-01
5.635899305343627930e-01
5.940693020820617676e-01
5.503382682800292969e-01
5.277615785598754883e-01
5.825626850128173828e-01
5.210453271865844727e-01
5.425832271575927734e-01
6.007937192916870117e-01
5.329566001892089844e-01
6.348941922187805176e-01
5.546252727508544922e-01
5.223582386970520020e-01
5.101512670516967773e-01
5.593023300170898438e-01
5.472251176834106445e-01
5.984581708908081055e-01
6.216363906860351562e-01
5.648822188377380371e-01
5.160089135169982910e-01
5.666538476943969727e-01
5.684013366699218750e-01
5.396836996078491211e-01
5.864599943161010742e-01
6.147034168243408203e-01
5.765863656997680664e-01
5.551372766494750977e-01
5.135022401809692383e-01
7.170809507369995117e-01
6.212925910949707031e-01
5.755861997604370117e-01
5.976040363311767578e-01
5.167595148086547852e-01
5.909262299537658691e-01
5.328600406646728516e-01
5.431717634201049805e-01
5.974994897842407227e-01
5.348139405250549316e-01
5.464658737182617188e-01
6.394672393798828125e-01
5.236339569091796875e-01
5.531307458877563477e-01
5.826970338821411133e-01
5.593464374542236328e-01
6.424180865287780762e-01
6.478285193443298340e-01
6.478227376937866211e-01
5.746721625328063965e-01
4.872048795223236084e-01
4.431324005126953125e-01
5.344038009643554688e-01
6.346051692962646484e-01
5.646395683288574219e-01
6.122221350669860840e-01
5.854910612106323242e-01
5.506154298782348633e-01
5.971288084983825684e-01
6.041305661201477051e-01
5.044670104980468750e-01
5.748227834701538086e-01
5.603906512260437012e-01
5.623599290847778320e-01
6.082259416580200195e-01
6.334810256958007812e-01
5.716333985328674316e-01
5.610921978950500488e-01
5.044727325439453125e-01
6.020637750625610352e-01
5.659240484237670898e-01
5.577108860015869141e-01
5.850286483764648438e-01
4.425435364246368408e-01
4.949536919593811035e-01
6.353913545608520508e-01
5.871794223785400391e-01
5.846305489540100098e-01
5.588449239730834961e-01
5.418389439582824707e-01
5.553895831108093262e-01
5.787364244461059570e-01
5.765104889869689941e-01
5.667093396186828613e-01
5.369646549224853516e-01
5.891915559768676758e-01
5.458247661590576172e-01
5.544071197509765625e-01
6.127099990844726562e-01
5.553189516067504883e-01
5.540592670440673828e-01
5.916934013366699219e-01
5.202528834342956543e-01
6.096288561820983887e-01
5.846256017684936523e-01
5.680755376815795898e-01
5.769506692886352539e-01
5.598744153976440430e-01
6.931870579719543457e-01
6.239352226257324219e-01
4.969201982021331787e-01
5.511585474014282227e-01
6.051070690155029297e-01
5.309294462203979492e-01
6.086087226867675781e-01
5.393332242965698242e-01
6.007136106491088867e-01
6.007301807403564453e-01
5.610350966453552246e-01
5.817702412605285645e-01
6.107760071754455566e-01
5.673678517341613770e-01
4.998612701892852783e-01
5.582331418991088867e-01
5.287913680076599121e-01
5.538333058357238770e-01
6.065407991409301758e-01
6.850285530090332031e-01
6.103503108024597168e-01
5.990194678306579590e-01
5.661773681640625000e-01
6.365542411804199219e-01
5.417605638504028320e-01
6.421498060226440430e-01
4.949833452701568604e-01
6.025834679603576660e-01
5.422656536102294922e-01
4.927372932434082031e-01
5.108911991119384766e-01
5.326187610626220703e-01
5.688270926475524902e-01
5.571012496948242188e-01
6.153990030288696289e-01
5.569233894348144531e-01
5.602216124534606934e-01
4.881324768066406250e-01
6.341871619224548340e-01
6.135059595108032227e-01
5.980362296104431152e-01
5.116618871688842773e-01
5.269699692726135254e-01
5.077326297760009766e-01
5.733486413955688477e-01
5.767526030540466309e-01
6.158465147018432617e-01
6.133439540863037109e-01
5.213932991027832031e-01
4.596770405769348145e-01
5.804013013839721680e-01
6.378035545349121094e-01
5.664929151535034180e-01
5.027722716331481934e-01
5.584415197372436523e-01
5.989682078361511230e-01
5.798151493072509766e-01
5.335971117019653320e-01
5.773952007293701172e-01
5.216206312179565430e-01
4.972251057624816895e-01
4.958477914333343506e-01
5.964719057083129883e-01
6.125438213348388672e-01
6.421694755554199219e-01
5.575414299964904785e-01
5.480400919914245605e-01
5.650982856750488281e-01
5.613491535186767578e-01
5.527906417846679688e-01
6.052357554435729980e-01
5.848858356475830078e-01
5.703358650207519531e-01
5.392669439315795898e-01
4.578562676906585693e-01
6.007311940193176270e-01
5.829932689666748047e-01
6.387695074081420898e-01
5.842595696449279785e-01
5.138953924179077148e-01
5.579864978790283203e-01
5.433452725410461426e-01
5.101995468139648438e-01
5.490778684616088867e-01
5.553216338157653809e-01
5.643814206123352051e-01
5.626624822616577148e-01
5.332633852958679199e-01
5.526777505874633789e-01
5.910998582839965820e-01
5.932061672210693359e-01
5.473453998565673828e-01
6.094375848770141602e-01
5.613390803337097168e-01
5.905085802078247070e-01
6.035667061805725098e-01
6.088802814483642578e-01
5.452075004577636719e-01
6.347743868827819824e-01
5.096146464347839355e-01
5.997135639190673828e-01
5.971332788467407227e-01
5.109601020812988281e-01
5.394235849380493164e-01
5.561514496803283691e-01
5.317832827568054199e-01
5.949624180793762207e-01
6.294242739677429199e-01
5.297451019287109375e-01
5.901037454605102539e-01
6.218525767326354980e-01
5.952783823013305664e-01
5.620206594467163086e-01
6.122642755508422852e-01
5.782804489135742188e-01
5.473887920379638672e-01
6.066016554832458496e-01
5.757678151130676270e-01
5.774307847023010254e-01
5.758788585662841797e-01
5.778751373291015625e-01
5.626969337463378906e-01
5.992697477340698242e-01
5.467752218246459961e-01
6.498984694480895996e-01
5.702463388442993164e-01
5.851580500602722168e-01
5.164561867713928223e-01
5.920763015747070312e-01
5.461320877075195312e-01
5.308862924575805664e-01
6.740632057189941406e-01
5.675120353698730469e-01
5.778374075889587402e-01
5.944859981536865234e-01
4.728929102420806885e-01
5.654709339141845703e-01
6.043986082077026367e-01
5.221904516220092773e-01
6.165906786918640137e-01
5.658807754516601562e-01
5.772287845611572266e-01
5.532717108726501465e-01
5.549755096435546875e-01
5.380085110664367676e-01
5.743595957756042480e-01
5.767518281936645508e-01
6.359694600105285645e-01
4.840512573719024658e-01
5.632767677307128906e-01
6.028160452842712402e-01
5.453951358795166016e-01
5.648671984672546387e-01
5.303781032562255859e-01
5.387250185012817383e-01
5.748710036277770996e-01
5.031575560569763184e-01
6.041571497917175293e-01
4.899789094924926758e-01
5.736585855484008789e-01
6.274223923683166504e-01
5.805157423019409180e-01
6.186188459396362305e-01
5.756074786186218262e-01
5.933976173400878906e-01
5.860222578048706055e-01
6.214299201965332031e-01
5.408847332000732422e-01
4.985891878604888916e-01
5.594172477722167969e-01
5.039905309677124023e-01
5.122551918029785156e-01
5.203914046287536621e-01
5.891138911247253418e-01
5.980777740478515625e-01
5.050780773162841797e-01
6.486832499504089355e-01
5.608305931091308594e-01
5.739583969116210938e-01
5.372710227966308594e-01
6.227835416793823242e-01
5.073229074478149414e-01
5.677632093429565430e-01
5.759608149528503418e-01
5.593148469924926758e-01
5.711311697959899902e-01
6.132112145423889160e-01
5.045907497406005859e-01
7.063867449760437012e-01
5.344339609146118164e-01
5.352903604507446289e-01
5.323892235755920410e-01
5.960116386413574219e-01
5.970659255981445312e-01
5.421984195709228516e-01
6.000685691833496094e-01
5.799083709716796875e-01
5.448597073554992676e-01
5.387981534004211426e-01
5.084803700447082520e-01
5.643043518066406250e-01
6.167538166046142578e-01
5.867928266525268555e-01
6.070963740348815918e-01
4.810723960399627686e-01
5.600897073745727539e-01
5.931634306907653809e-01
5.472043752670288086e-01
5.399937629699707031e-01
5.423675179481506348e-01
5.691465139389038086e-01
6.328265666961669922e-01
5.511282682418823242e-01
5.846568346023559570e-01
6.093552112579345703e-01
5.760301351547241211e-01
6.440898180007934570e-01
5.971883535385131836e-01
5.921262502670288086e-01
5.124119520187377930e-01
5.966722369194030762e-01
5.376442670822143555e-01
6.005892753601074219e-01
5.311514735221862793e-01
6.324399709701538086e-01
5.930526256561279297e-01
5.567661523818969727e-01
5.611922144889831543e-01
4.520024657249450684e-01
5.346652865409851074e-01
6.228144168853759766e-01
5.407722592353820801e-01
5.913877487182617188e-01
5.699331760406494141e-01
5.491508245468139648e-01
5.251258611679077148e-01
5.264265537261962891e-01
5.760677456855773926e-01
5.526391863822937012e-01
5.924474000930786133e-01
5.402206182479858398e-01
5.771691799163818359e-01
5.207878351211547852e-01
5.199922323226928711e-01
5.362302064895629883e-01
5.128064155578613281e-01
6.850794553756713867e-01
5.781290531158447266e-01
5.726962685585021973e-01
6.288619041442871094e-01
5.679820179939270020e-01
5.502394437789916992e-01
6.394838690757751465e-01
5.866529345512390137e-01
5.979205369949340820e-01
5.246762037277221680e-01
4.998322129249572754e-01
5.285590887069702148e-01
5.260629057884216309e-01
6.151859760284423828e-01
5.823900699615478516e-01
5.529682636260986328e-01
6.098800897598266602e-01
6.265478134155273438e-01
5.253894329071044922e-01
6.533855199813842773e-01
5.998437404632568359e-01
6.000026464462280273e-01
5.591282844543457031e-01
6.488591432571411133e-01
6.232128739356994629e-01
6.000331640243530273e-01
5.295991301536560059e-01
5.806331038475036621e-01
5.585044026374816895e-01
5.384445786476135254e-01
5.598254203796386719e-01
5.715860128402709961e-01
5.056444406509399414e-01
5.046394467353820801e-01
6.677203178405761719e-01
6.173899769783020020e-01
6.040354967117309570e-01
6.510397791862487793e-01
4.794748127460479736e-01
5.924840569496154785e-01
5.989201068878173828e-01
5.091273784637451172e-01
5.382758378982543945e-01
4.904010593891143799e-01
5.506181716918945312e-01
5.971105098724365234e-01
5.804558992385864258e-01
5.492420196533203125e-01
6.274493932723999023e-01
6.458975076675415039e-01
6.404943466186523438e-01
6.807302236557006836e-01
5.954710245132446289e-01
5.293676853179931641e-01
5.186820030212402344e-01
5.796786546707153320e-01
6.225132942199707031e-01
5.917555093765258789e-01
5.892164111137390137e-01
4.857215583324432373e-01
5.339686870574951172e-01
5.629141330718994141e-01
6.271200180053710938e-01
6.377959847450256348e-01
5.113006830215454102e-01
6.000938415527343750e-01
4.799243807792663574e-01
5.363080501556396484e-01
5.719465017318725586e-01
5.576070547103881836e-01
5.778622627258300781e-01
5.804483294486999512e-01
5.826987624168395996e-01
4.624554812908172607e-01
5.915488004684448242e-01
5.274100899696350098e-01
5.990403890609741211e-01
6.268024444580078125e-01
5.187520980834960938e-01
5.968437194824218750e-01
4.948016107082366943e-01
5.234148502349853516e-01
6.021093130111694336e-01
5.595500469207763672e-01
6.301525831222534180e-01
6.312421560287475586e-01
6.670858860015869141e-01
5.902571082115173340e-01
5.444054603576660156e-01
6.138821840286254883e-01
5.834285020828247070e-01
5.820361375808715820e-01
6.152716875076293945e-01
5.566235780715942383e-01
5.531184673309326172e-01
5.525294542312622070e-01
5.518138408660888672e-01
5.901324748992919922e-01
5.063233375549316406e-01
6.686860322952270508e-01
5.677088499069213867e-01
5.781004428863525391e-01
4.968774914741516113e-01
5.809918642044067383e-01
5.256870388984680176e-01
5.669710040092468262e-01
5.532377362251281738e-01
5.620386600494384766e-01
6.176784038543701172e-01
6.096540093421936035e-01
5.257353782653808594e-01
5.499582290649414062e-01
5.753302574157714844e-01
6.194538474082946777e-01
5.384997129440307617e-01
6.065899133682250977e-01
5.385034084320068359e-01
6.318562626838684082e-01
5.538809299468994141e-01
5.465648174285888672e-01
5.428074002265930176e-01
5.084371566772460938e-01
5.544115304946899414e-01
5.598188042640686035e-01
5.190021991729736328e-01
6.143056154251098633e-01
5.750470161437988281e-01
5.975615978240966797e-01
5.494951009750366211e-01
5.325199365615844727e-01
4.956360459327697754e-01
5.409803390502929688e-01
5.897811651229858398e-01
5.730667114257812500e-01
5.917465686798095703e-01
6.279181241989135742e-01
5.351784825325012207e-01
5.534043908119201660e-01
5.342922210693359375e-01
5.714635848999023438e-01
5.904777050018310547e-01
5.781645774841308594e-01
5.406787395477294922e-01
6.024001836776733398e-01
5.472077131271362305e-01
5.317878723144531250e-01
5.518811345100402832e-01
5.941530466079711914e-01
5.490665435791015625e-01
4.879667162895202637e-01
5.547418594360351562e-01
6.023429632186889648e-01
5.271368026733398438e-01
6.242922544479370117e-01
5.726043581962585449e-01
6.094336509704589844e-01
5.175030231475830078e-01
5.364613533020019531e-01
5.505815744400024414e-01
6.208255887031555176e-01
5.552331209182739258e-01
5.642027854919433594e-01
5.837224721908569336e-01
5.984869599342346191e-01
5.327531099319458008e-01
5.428355932235717773e-01
5.522111654281616211e-01
6.109551191329956055e-01
5.911316275596618652e-01
6.021184921264648438e-01
5.540932416915893555e-01
5.772733092308044434e-01
5.596356391906738281e-01
5.291210412979125977e-01
6.114189624786376953e-01
5.603352785110473633e-01
6.140183806419372559e-01
5.979694128036499023e-01
5.758810043334960938e-01
5.127865672111511230e-01
6.222378015518188477e-01
4.988944232463836670e-01
5.336033105850219727e-01
5.741648674011230469e-01
5.945068597793579102e-01
5.644447803497314453e-01
5.870494842529296875e-01
5.701180696487426758e-01
5.610564947128295898e-01
6.379817128181457520e-01
6.294051408767700195e-01
6.256798505783081055e-01
5.826528072357177734e-01
5.442464351654052734e-01
5.494976639747619629e-01
5.303187370300292969e-01
5.333659648895263672e-01
6.036551594734191895e-01
5.490684509277343750e-01
5.700244903564453125e-01
5.606859922409057617e-01
4.563353657722473145e-01
5.134943723678588867e-01
5.109488964080810547e-01
6.034789681434631348e-01
7.287448048591613770e-01
5.133789777755737305e-01
5.638914108276367188e-01
5.743358135223388672e-01
5.214509963989257812e-01
5.825517177581787109e-01
5.681025981903076172e-01
5.952347517013549805e-01
5.646606683731079102e-01
6.354539394378662109e-01
5.359503030776977539e-01
5.562925338745117188e-01
5.783139467239379883e-01
6.012769341468811035e-01
5.770013332366943359e-01
6.173338890075683594e-01
6.463918685913085938e-01
5.419424772262573242e-01
6.108328104019165039e-01
5.623630285263061523e-01
5.458475351333618164e-01
5.230902433395385742e-01
6.068208217620849609e-01
6.255332231521606445e-01
5.081565380096435547e-01
5.627048015594482422e-01
6.241441965103149414e-01
6.260984539985656738e-01
6.081258654594421387e-01
5.074393749237060547e-01
5.758996009826660156e-01
5.563594698905944824e-01
5.258888006210327148e-01
5.545003414154052734e-01
5.432044267654418945e-01
5.286169052124023438e-01
6.221047639846801758e-01
5.633323192596435547e-01
5.622870326042175293e-01
5.695672035217285156e-01
5.139536261558532715e-01
5.264389514923095703e-01
6.278520822525024414e-01
5.722580552101135254e-01
6.346662640571594238e-01
5.498941540718078613e-01
5.874044895172119141e-01
5.533245801925659180e-01
5.665880441665649414e-01
5.416105985641479492e-01
6.300837397575378418e-01
5.620906949043273926e-01
5.293450951576232910e-01
5.647152066230773926e-01
5.353285074234008789e-01
5.874159336090087891e-01
6.053788065910339355e-01
5.339370965957641602e-01
6.068453788757324219e-01
5.014386177062988281e-01
5.748823881149291992e-01
5.329115390777587891e-01
5.706331729888916016e-01
6.432222127914428711e-01
5.594308376312255859e-01
5.740945339202880859e-01
5.499488711357116699e-01
5.365568399429321289e-01
5.324217081069946289e-01
6.070863008499145508e-01
6.254510879516601562e-01
5.496764183044433594e-01
4.801949560642242432e-01
5.998329520225524902e-01
6.369595527648925781e-01
5.014793276786804199e-01
5.305975675582885742e-01
5.457086563110351562e-01
5.870850086212158203e-01
5.405933856964111328e-01
5.643174052238464355e-01
5.065333843231201172e-01
5.826041698455810547e-01
5.913363695144653320e-01
6.297479271888732910e-01
6.307551860809326172e-01
5.627399682998657227e-01
5.738232731819152832e-01
5.196942090988159180e-01
5.174962878227233887e-01
5.602074861526489258e-01
4.797181189060211182e-01
5.263080596923828125e-01
5.702451467514038086e-01
5.667345523834228516e-01
6.067535877227783203e-01
5.120013356208801270e-01
5.427106618881225586e-01
5.540213584899902344e-01
6.226263046264648438e-01
5.534952878952026367e-01
5.438981652259826660e-01
6.123864054679870605e-01
5.911368131637573242e-01
5.191879272460937500e-01
6.391812562942504883e-01
6.004536151885986328e-01
5.759372711181640625e-01
5.538028478622436523e-01
5.382920503616333008e-01
5.123997926712036133e-01
5.700128078460693359e-01
5.936837196350097656e-01
4.780536293983459473e-01
6.680856943130493164e-01
5.512155294418334961e-01
6.263384819030761719e-01
5.968172550201416016e-01
5.918988585472106934e-01
5.859284996986389160e-01
5.491793155670166016e-01
6.732888221740722656e-01
5.661228895187377930e-01
5.895447731018066406e-01
5.916484594345092773e-01
5.816007256507873535e-01
5.561729073524475098e-01
5.800981521606445312e-01
5.554997324943542480e-01
5.320058465003967285e-01
5.686675310134887695e-01
5.571547150611877441e-01
5.944988727569580078e-01
5.637407302856445312e-01
5.468609333038330078e-01
6.097653508186340332e-01
7.085616588592529297e-01
5.467010736465454102e-01
4.979196786880493164e-01
5.498472452163696289e-01
5.105928778648376465e-01
5.278218984603881836e-01
5.485857129096984863e-01
6.129526495933532715e-01
6.028271913528442383e-01
6.312192678451538086e-01
5.160460472106933594e-01
6.447346210479736328e-01
5.351749658584594727e-01
6.654002666473388672e-01
5.516997575759887695e-01
6.184233427047729492e-01
5.589317083358764648e-01
5.594959855079650879e-01
5.264763832092285156e-01
5.682321786880493164e-01
5.862505435943603516e-01
5.597149133682250977e-01
5.967317819595336914e-01
5.294057130813598633e-01
5.666843056678771973e-01
5.185146331787109375e-01
5.598271489143371582e-01
5.600085258483886719e-01
5.835735201835632324e-01
5.543001890182495117e-01
5.515853166580200195e-01
5.702272653579711914e-01
6.140908002853393555e-01
5.254043340682983398e-01
5.110795497894287109e-01
6.100380420684814453e-01
5.805956721305847168e-01
5.651820302009582520e-01
5.194698572158813477e-01
5.387963056564331055e-01
6.378343105316162109e-01
6.195814609527587891e-01
4.547790586948394775e-01
5.526519417762756348e-01
5.167863368988037109e-01
5.059866905212402344e-01
5.935297608375549316e-01
6.175046563148498535e-01
5.723203420639038086e-01
6.189955472946166992e-01
5.624006986618041992e-01
5.762251615524291992e-01
6.373974680900573730e-01
6.260291337966918945e-01
6.029018163681030273e-01
6.405678987503051758e-01
6.610186100006103516e-01
6.276479959487915039e-01
5.202871561050415039e-01
5.988413095474243164e-01
5.520302057266235352e-01
6.408478021621704102e-01
6.232911348342895508e-01
5.649125576019287109e-01
6.155284643173217773e-01
5.750884413719177246e-01
5.495626926422119141e-01
5.795307159423828125e-01
5.423619747161865234e-01
5.599697828292846680e-01
5.260827541351318359e-01
5.971877574920654297e-01
5.798754692077636719e-01
5.630358457565307617e-01
5.771129131317138672e-01
5.550045967102050781e-01
4.761995971202850342e-01
5.984046459197998047e-01
5.709499120712280273e-01
5.832413434982299805e-01
5.958876013755798340e-01
4.998635649681091309e-01
5.537885427474975586e-01
5.894078016281127930e-01
5.492512583732604980e-01
5.322794914245605469e-01
5.701445341110229492e-01
5.458567142486572266e-01
5.897886753082275391e-01
5.710822939872741699e-01
5.149464011192321777e-01
5.607337355613708496e-01
6.049143075942993164e-01
6.148599386215209961e-01
5.165263414382934570e-01
5.738104581832885742e-01
5.878999233245849609e-01
5.153404474258422852e-01
5.240598320960998535e-01
5.556174516677856445e-01
6.066425442695617676e-01
6.175003647804260254e-01
5.859223604202270508e-01
5.284104347229003906e-01
5.682410597801208496e-01
5.950640439987182617e-01
5.157284736633300781e-01
5.247104167938232422e-01
5.399034619331359863e-01
5.931371450424194336e-01
5.393655896186828613e-01
6.044262647628784180e-01
6.072286963462829590e-01
5.512404441833496094e-01
5.822547674179077148e-01
5.771884918212890625e-01
5.948541760444641113e-01
5.394451618194580078e-01
5.295947790145874023e-01
6.138455867767333984e-01
5.463423728942871094e-01
6.066737174987792969e-01
5.750101804733276367e-01
5.891200304031372070e-01
5.933336019515991211e-01
6.353381872177124023e-01
5.445236563682556152e-01
6.335088014602661133e-01
5.848703980445861816e-01
6.518279314041137695e-01
6.119624376296997070e-01
5.762209892272949219e-01
6.002995967864990234e-01
5.584738254547119141e-01
5.483430624008178711e-01
5.795946121215820312e-01
5.018651485443115234e-01
5.847651362419128418e-01
4.884716868400573730e-01
5.547751188278198242e-01
6.408835649490356445e-01
6.342545747756958008e-01
5.533132553100585938e-01
5.283671617507934570e-01
5.731095075607299805e-01
5.973759293556213379e-01
5.203537940979003906e-01
5.820320248603820801e-01
5.737113356590270996e-01
5.647618174552917480e-01
5.643668174743652344e-01
6.443593502044677734e-01
5.454071760177612305e-01
5.658156871795654297e-01
6.143510341644287109e-01
5.748757123947143555e-01
6.360056996345520020e-01
6.187305450439453125e-01
6.424606442451477051e-01
6.289327144622802734e-01
5.661821365356445312e-01
5.986400246620178223e-01
5.595390796661376953e-01
5.479489564895629883e-01
6.301791667938232422e-01
5.697536468505859375e-01
6.005035638809204102e-01
5.514276027679443359e-01
6.019158363342285156e-01
5.603728294372558594e-01
5.979354381561279297e-01
5.622268915176391602e-01
5.914694070816040039e-01
5.551831722259521484e-01
6.117407083511352539e-01
5.817317962646484375e-01
6.178032159805297852e-01
5.499858856201171875e-01
5.276407003402709961e-01
4.964005947113037109e-01
6.078808307647705078e-01
5.258375406265258789e-01
5.838155746459960938e-01
5.524960756301879883e-01
5.093173980712890625e-01
6.267732381820678711e-01
5.838862061500549316e-01
5.118994712829589844e-01
5.861456394195556641e-01
5.840848088264465332e-01
5.919235944747924805e-01
4.634715616703033447e-01
5.519247055053710938e-01
5.530934333801269531e-01
5.848339200019836426e-01
6.061484813690185547e-01
5.931079983711242676e-01
6.005631685256958008e-01
5.489282011985778809e-01
6.197721958160400391e-01
5.611040592193603516e-01
5.863845348358154297e-01
5.307841300964355469e-01
5.611225366592407227e-01
6.229058504104614258e-01
6.026059389114379883e-01
5.567439794540405273e-01
5.276363492012023926e-01
5.813480019569396973e-01
5.816202163696289062e-01
5.494185686111450195e-01
5.942730307579040527e-01
5.575756430625915527e-01
5.953460931777954102e-01
6.065498590469360352e-01
5.852360725402832031e-01
5.708097815513610840e-01
5.794541835784912109e-01
6.484900712966918945e-01
5.457112789154052734e-01
5.325909852981567383e-01
5.296624302864074707e-01
5.452985763549804688e-01
6.203485727310180664e-01
6.130772829055786133e-01
5.612795352935791016e-01
5.790388584136962891e-01
6.148152351379394531e-01
5.507134199142456055e-01
5.163513422012329102e-01
5.575039386749267578e-01
5.306440591812133789e-01
5.840787291526794434e-01
5.531539916992187500e-01
4.935961067676544189e-01
5.216638445854187012e-01
5.327634811401367188e-01
5.261626243591308594e-01
5.126010179519653320e-01
5.469161272048950195e-01
5.878592133522033691e-01
6.671067476272583008e-01
5.608395338058471680e-01
6.141134500503540039e-01
5.928884744644165039e-01
6.443768739700317383e-01
5.875757336616516113e-01
5.384198427200317383e-01
5.769150257110595703e-01
4.841345548629760742e-01
4.899362325668334961e-01
5.180730819702148438e-01
5.555644035339355469e-01
5.428477525711059570e-01
5.359613895416259766e-01
5.162781476974487305e-01
5.261241793632507324e-01
5.697121024131774902e-01
5.370056629180908203e-01
5.862669348716735840e-01
6.001273989677429199e-01
6.139130592346191406e-01
5.887843370437622070e-01
5.406309962272644043e-01
5.437315106391906738e-01
5.555894374847412109e-01
6.625090837478637695e-01
5.822632312774658203e-01
5.619115829467773438e-01
5.781418085098266602e-01
5.768287777900695801e-01
5.961485505104064941e-01
4.826537370681762695e-01
5.688620805740356445e-01
5.931051969528198242e-01
5.756732225418090820e-01
5.805658102035522461e-01
6.007782816886901855e-01
5.630537271499633789e-01
6.118921041488647461e-01
5.163729190826416016e-01
6.271179914474487305e-01
5.984336137771606445e-01
5.759429931640625000e-01
5.419887304306030273e-01
6.343272924423217773e-01
5.743464231491088867e-01
5.776501297950744629e-01
5.808450579643249512e-01
5.606579780578613281e-01
5.961629152297973633e-01
4.860111474990844727e-01
6.668373942375183105e-01
5.606686472892761230e-01
6.094846725463867188e-01
5.359691977500915527e-01
5.338095426559448242e-01
5.929437875747680664e-01
5.240179300308227539e-01
6.019639372825622559e-01
6.689846515655517578e-01
5.939725041389465332e-01
5.569412708282470703e-01
5.358716249465942383e-01
5.872985720634460449e-01
5.758340358734130859e-01
6.174817085266113281e-01
5.514543056488037109e-01
6.191885471343994141e-01
5.935010910034179688e-01
5.836651325225830078e-01
5.215329527854919434e-01
4.868881702423095703e-01
5.745320320129394531e-01
5.968102216720581055e-01
5.816935896873474121e-01
6.234230995178222656e-01
4.880881607532501221e-01
5.150709152221679688e-01
5.762364864349365234e-01
5.756009817123413086e-01
5.274733304977416992e-01
5.667116641998291016e-01
5.357385873794555664e-01
5.159819126129150391e-01
5.919492244720458984e-01
5.897306203842163086e-01
5.253270864486694336e-01
5.699192285537719727e-01
4.346849024295806885e-01
6.637320518493652344e-01
5.192052721977233887e-01
5.701392889022827148e-01
6.328102350234985352e-01
5.742564201354980469e-01
5.253843069076538086e-01
6.080608367919921875e-01
5.875495672225952148e-01
5.883151292800903320e-01
5.700628161430358887e-01
7.031573057174682617e-01
5.354487895965576172e-01
5.424870252609252930e-01
5.415034294128417969e-01
5.125391483306884766e-01
6.030523180961608887e-01
6.892722845077514648e-01
5.445169210433959961e-01
5.664234161376953125e-01
6.202510595321655273e-01
6.034837961196899414e-01
5.225704908370971680e-01
5.337848663330078125e-01
5.142134428024291992e-01
5.028140544891357422e-01
6.137895584106445312e-01
5.850844383239746094e-01
7.291071414947509766e-01
5.682662725448608398e-01
6.054606437683105469e-01
5.850569009780883789e-01
5.995793342590332031e-01
6.362651586532592773e-01
6.134309768676757812e-01
5.823871493339538574e-01
5.244446992874145508e-01
4.932985603809356689e-01
5.909452438354492188e-01
5.615181326866149902e-01
5.969624519348144531e-01
5.510725378990173340e-01
6.069142222404479980e-01
6.070605516433715820e-01
5.907905101776123047e-01
6.296252608299255371e-01
5.663473606109619141e-01
6.001198887825012207e-01
5.324546694755554199e-01
5.529990196228027344e-01
5.510473251342773438e-01
5.687084197998046875e-01
6.826356649398803711e-01
5.364134311676025391e-01
6.066498756408691406e-01
6.116555333137512207e-01
6.229799985885620117e-01
4.756863713264465332e-01
4.734809696674346924e-01
5.797541141510009766e-01
6.369775533676147461e-01
5.850430727005004883e-01
5.845943689346313477e-01
5.283181667327880859e-01
5.027459263801574707e-01
5.094803571701049805e-01
5.470052957534790039e-01
5.359418392181396484e-01
5.747829675674438477e-01
6.050209999084472656e-01
5.732142925262451172e-01
5.279456377029418945e-01
5.228879451751708984e-01
5.832303762435913086e-01
4.948661029338836670e-01
5.805105566978454590e-01
5.460002422332763672e-01
5.166309475898742676e-01
6.318835020065307617e-01
5.485438108444213867e-01
5.374993085861206055e-01
5.630289316177368164e-01
5.535115003585815430e-01
5.305230617523193359e-01
5.554277896881103516e-01
5.842223763465881348e-01
5.665428638458251953e-01
5.631042718887329102e-01
5.484334230422973633e-01
6.188222169876098633e-01
6.256973743438720703e-01
5.728517770767211914e-01
5.447635650634765625e-01
5.685801506042480469e-01
5.309466123580932617e-01
5.577777624130249023e-01
5.148415565490722656e-01
5.404435396194458008e-01
5.909628868103027344e-01
5.728281140327453613e-01
5.766329765319824219e-01
5.970161557197570801e-01
5.162939429283142090e-01
5.588539838790893555e-01
5.411963462829589844e-01
5.319238901138305664e-01
6.426987051963806152e-01
6.575266718864440918e-01
5.508027672767639160e-01
5.426200628280639648e-01
5.778009891510009766e-01
5.677868723869323730e-01
5.547766685485839844e-01
5.325825214385986328e-01
5.987092256546020508e-01
5.368894338607788086e-01
5.531015396118164062e-01
5.208703875541687012e-01
6.032143831253051758e-01
5.771253108978271484e-01
5.993692874908447266e-01
5.894206762313842773e-01
5.683097839355468750e-01
5.662866234779357910e-01
5.188639163970947266e-01
5.996680855751037598e-01
6.284426450729370117e-01
5.484768748283386230e-01
5.872002243995666504e-01
5.456361770629882812e-01
4.929237663745880127e-01
5.724173784255981445e-01
5.648951530456542969e-01
5.945069789886474609e-01
6.304192543029785156e-01
6.140639781951904297e-01
6.004143953323364258e-01
6.105500459671020508e-01
5.689198970794677734e-01
6.624231338500976562e-01
6.332411766052246094e-01
5.662944316864013672e-01
6.097739934921264648e-01
6.260288953781127930e-01
5.100953578948974609e-01
6.050024032592773438e-01
5.599347352981567383e-01
6.020154953002929688e-01
4.690300822257995605e-01
6.196136474609375000e-01
4.679725468158721924e-01
4.877197742462158203e-01
6.489890217781066895e-01
5.491774082183837891e-01
5.491113066673278809e-01
6.129639744758605957e-01
5.452951192855834961e-01
5.488200187683105469e-01
5.268136262893676758e-01
6.239507794380187988e-01
5.736923217773437500e-01
4.917947053909301758e-01
5.822637677192687988e-01
5.442906618118286133e-01
6.375077962875366211e-01
5.903375148773193359e-01
6.098924875259399414e-01
5.577772855758666992e-01
5.322283506393432617e-01
5.289660692214965820e-01
5.523214936256408691e-01
7.036640644073486328e-01
6.228142976760864258e-01
5.177526473999023438e-01
5.535879135131835938e-01
6.091835498809814453e-01
5.916991233825683594e-01
5.635094642639160156e-01
5.228848457336425781e-01
6.022185683250427246e-01
6.408440470695495605e-01
5.446926951408386230e-01
6.004736423492431641e-01
4.554919302463531494e-01
6.068424582481384277e-01
5.502364635467529297e-01
6.299211382865905762e-01
5.497097969055175781e-01
5.835952758789062500e-01
4.401840865612030029e-01
5.196810960769653320e-01
5.146497488021850586e-01
5.840044021606445312e-01
6.506601572036743164e-01
5.639060735702514648e-01
5.581027269363403320e-01
5.946836471557617188e-01
5.648045539855957031e-01
6.325469017028808594e-01
5.278152227401733398e-01
5.242417454719543457e-01
4.963526129722595215e-01
5.859207510948181152e-01
6.059926748275756836e-01
5.008834600448608398e-01
6.175066828727722168e-01
6.008348464965820312e-01
6.357373595237731934e-01
5.823706388473510742e-01
6.138473749160766602e-01
5.716817378997802734e-01
5.939362049102783203e-01
6.406698226928710938e-01
5.425776243209838867e-01
6.620666980743408203e-01
6.335281133651733398e-01
4.841774702072143555e-01
4.997557103633880615e-01
6.146377325057983398e-01
5.905485153198242188e-01
6.416810750961303711e-01
5.843746662139892578e-01
5.545255541801452637e-01
6.097360253334045410e-01
6.195393800735473633e-01
5.880495905876159668e-01
5.828745961189270020e-01
6.148758530616760254e-01
5.346023440361022949e-01
6.466107368469238281e-01
5.993312597274780273e-01
6.492221951484680176e-01
5.682644844055175781e-01
6.338281631469726562e-01
5.528745651245117188e-01
5.631757974624633789e-01
5.835492610931396484e-01
5.620338916778564453e-01
5.939796566963195801e-01
5.450742244720458984e-01
4.962734580039978027e-01
5.816540718078613281e-01
4.890976250171661377e-01
5.380327105522155762e-01
5.634476542472839355e-01
6.029251813888549805e-01
6.359876990318298340e-01
5.464736223220825195e-01
5.184469223022460938e-01
4.920508265495300293e-01
5.255973339080810547e-01
5.432788133621215820e-01
5.066633224487304688e-01
5.940573811531066895e-01
5.465900897979736328e-01
5.854190587997436523e-01
5.847653150558471680e-01
5.854846239089965820e-01
5.588415861129760742e-01
5.190966129302978516e-01
5.552273392677307129e-01
5.936741828918457031e-01
5.822277069091796875e-01
5.030636787414550781e-01
5.772343873977661133e-01
6.026726365089416504e-01
5.844987630844116211e-01
5.868190526962280273e-01
5.705071091651916504e-01
6.032414436340332031e-01
5.772379636764526367e-01
5.751745700836181641e-01
4.644106030464172363e-01
6.305130720138549805e-01
5.709008574485778809e-01
5.771409869194030762e-01
6.012778878211975098e-01
5.480015277862548828e-01
5.927768349647521973e-01
5.240499973297119141e-01
5.281354188919067383e-01
5.581598281860351562e-01
5.696061849594116211e-01
6.210212111473083496e-01
5.529602766036987305e-01
5.777475833892822266e-01
5.286053419113159180e-01
5.369524955749511719e-01
5.952224731445312500e-01
5.596233606338500977e-01
6.100498437881469727e-01
6.021198034286499023e-01
5.567989349365234375e-01
5.227750539779663086e-01
5.748040676116943359e-01
5.657340288162231445e-01
5.309278964996337891e-01
5.417675971984863281e-01
5.575571060180664062e-01
5.883822441101074219e-01
5.431607961654663086e-01
5.683280229568481445e-01
5.870673060417175293e-01
5.568169355392456055e-01
5.236291885375976562e-01
5.182112455368041992e-01
5.648242831230163574e-01
4.735319316387176514e-01
5.625377297401428223e-01
5.402340888977050781e-01
5.774112939834594727e-01
6.152426600456237793e-01
6.215221285820007324e-01
5.858027935028076172e-01
4.946427643299102783e-01
6.041463613510131836e-01
5.137100219726562500e-01
5.374356508255004883e-01
6.189342141151428223e-01
5.924428701400756836e-01
5.217109322547912598e-01
5.562671422958374023e-01
5.267627835273742676e-01
5.471072196960449219e-01
5.302802920341491699e-01
4.783976078033447266e-01
5.674779415130615234e-01
5.365970134735107422e-01
6.049228906631469727e-01
5.510863065719604492e-01
5.104089975357055664e-01
5.186073780059814453e-01
5.299406051635742188e-01
5.801892280578613281e-01
5.453090667724609375e-01
6.459759473800659180e-01
5.731521248817443848e-01
5.809597969055175781e-01
5.520714521408081055e-01
5.548728704452514648e-01
6.537053585052490234e-01
5.236437916755676270e-01
6.103416681289672852e-01
5.608811378479003906e-01
5.250508785247802734e-01
6.259064078330993652e-01
5.845093727111816406e-01
5.566964745521545410e-01
5.307784080505371094e-01
4.962026178836822510e-01
5.451669692993164062e-01
5.682270526885986328e-01
5.689753293991088867e-01
5.368857383728027344e-01
6.168625950813293457e-01
5.258129239082336426e-01
5.483596920967102051e-01
5.411015152931213379e-01
6.521238088607788086e-01
6.087360382080078125e-01
5.471507310867309570e-01
6.102277040481567383e-01
5.308143496513366699e-01
4.514295458793640137e-01
5.840988159179687500e-01
6.398282647132873535e-01
5.868980288505554199e-01
5.631063580513000488e-01
5.342519283294677734e-01
5.910401344299316406e-01
4.831001162528991699e-01
5.678552985191345215e-01
6.414635777473449707e-01
5.767874717712402344e-01
5.777311325073242188e-01
5.804463624954223633e-01
4.648380875587463379e-01
5.390538573265075684e-01
5.766346454620361328e-01
5.871649384498596191e-01
5.263947248458862305e-01
6.241639852523803711e-01
5.455992221832275391e-01
6.391707658767700195e-01
6.180630922317504883e-01
6.288141608238220215e-01
6.426705121994018555e-01
6.061867475509643555e-01
5.456722974777221680e-01
5.940883159637451172e-01
5.779241323471069336e-01
5.701934099197387695e-01
5.875954627990722656e-01
6.225416660308837891e-01
5.799605250358581543e-01
6.016886234283447266e-01
6.095708608627319336e-01
6.162925958633422852e-01
4.961091876029968262e-01
6.460063457489013672e-01
5.566035509109497070e-01
5.459023714065551758e-01
5.747290253639221191e-01
4.917317926883697510e-01
5.327138900756835938e-01
5.577167272567749023e-01
6.498435735702514648e-01
5.828226804733276367e-01
6.035662889480590820e-01
5.413802862167358398e-01
5.575238466262817383e-01
5.643842220306396484e-01
4.897790551185607910e-01
5.862779021263122559e-01
5.411069393157958984e-01
5.995823144912719727e-01
5.935510396957397461e-01
5.306897163391113281e-01
6.021390557289123535e-01
5.618100166320800781e-01
5.096354484558105469e-01
5.898371934890747070e-01
6.667288541793823242e-01
5.776062011718750000e-01
5.842429399490356445e-01
5.301413536071777344e-01
5.241248607635498047e-01
6.583335399627685547e-01
5.584589242935180664e-01
6.001888513565063477e-01
6.046566963195800781e-01
5.046066045761108398e-01
5.187642574310302734e-01
5.309509634971618652e-01
5.644301176071166992e-01
5.792610645294189453e-01
5.605646371841430664e-01
6.058400869369506836e-01
6.708983182907104492e-01
5.288189649581909180e-01
5.478771328926086426e-01
6.413599252700805664e-01
5.754727125167846680e-01
5.236910581588745117e-01
4.474759399890899658e-01
5.270484089851379395e-01
5.233823060989379883e-01
5.943046212196350098e-01
6.456654071807861328e-01
5.744661092758178711e-01
5.600455999374389648e-01
6.330282688140869141e-01
5.949646830558776855e-01
5.627574324607849121e-01
5.204529166221618652e-01
6.452870368957519531e-01
5.997639894485473633e-01
5.470173954963684082e-01
5.374904274940490723e-01
6.743505001068115234e-01
6.459602117538452148e-01
5.590311288833618164e-01
5.572632551193237305e-01
6.097277998924255371e-01
5.813570022583007812e-01
5.702825188636779785e-01
5.751658082008361816e-01
5.780206918716430664e-01
5.518491268157958984e-01
6.114056110382080078e-01
5.522257089614868164e-01
5.247593522071838379e-01
5.737776756286621094e-01
5.573300123214721680e-01
5.496585369110107422e-01
6.109834313392639160e-01
5.952832698822021484e-01
5.828709602355957031e-01
5.298165082931518555e-01
5.560518503189086914e-01
5.804835557937622070e-01
6.878663301467895508e-01
5.489422678947448730e-01
6.614098548889160156e-01
5.621378421783447266e-01
5.870415568351745605e-01
5.760397315025329590e-01
5.978126525878906250e-01
4.853767156600952148e-01
5.086053013801574707e-01
5.676891207695007324e-01
5.459526181221008301e-01
6.067349910736083984e-01
5.934091806411743164e-01
5.465703010559082031e-01
5.239101648330688477e-01
4.552866816520690918e-01
6.220219135284423828e-01
6.163243651390075684e-01
6.126588582992553711e-01
5.655665397644042969e-01
5.785912275314331055e-01
6.019301414489746094e-01
5.633851289749145508e-01
5.669868588447570801e-01
5.351319313049316406e-01
5.102989673614501953e-01
5.002448558807373047e-01
6.518685817718505859e-01
6.131166815757751465e-01
5.505015850067138672e-01
5.693304538726806641e-01
4.742848575115203857e-01
5.921661853790283203e-01
5.219255685806274414e-01
5.925234556198120117e-01
5.806875824928283691e-01
5.749266147613525391e-01
6.143245697021484375e-01
5.648720264434814453e-01
5.842611789703369141e-01
6.236439943313598633e-01
6.332352161407470703e-01
5.601281523704528809e-01
5.115491151809692383e-01
5.899299979209899902e-01
5.944468379020690918e-01
5.641990900039672852e-01
5.854060649871826172e-01
6.104680895805358887e-01
5.081359148025512695e-01
5.134499669075012207e-01
5.754071474075317383e-01
5.454578399658203125e-01
5.913072824478149414e-01
5.945580601692199707e-01
5.811655521392822266e-01
6.146155595779418945e-01
5.380222201347351074e-01
5.298839807510375977e-01
6.011853218078613281e-01
5.185387134552001953e-01
5.835715532302856445e-01
5.837405920028686523e-01
5.689091682434082031e-01
6.201927661895751953e-01
6.254470348358154297e-01
5.522750020027160645e-01
5.303981900215148926e-01
5.279754400253295898e-01
5.866785049438476562e-01
5.172575712203979492e-01
5.610350370407104492e-01
5.410011410713195801e-01
5.419123172760009766e-01
5.926976203918457031e-01
5.826132893562316895e-01
4.804270267486572266e-01
5.320496559143066406e-01
6.085567474365234375e-01
5.518679618835449219e-01
5.338740944862365723e-01
5.551977157592773438e-01
5.442373752593994141e-01
5.380896329879760742e-01
5.075836181640625000e-01
5.839395523071289062e-01
5.489709377288818359e-01
4.948800206184387207e-01
5.702278017997741699e-01
5.843079090118408203e-01
5.097047686576843262e-01
6.013563871383666992e-01
5.626331567764282227e-01
5.865452885627746582e-01
5.615038871765136719e-01
6.056907176971435547e-01
6.246210336685180664e-01
5.501633882522583008e-01
6.586812138557434082e-01
5.616806149482727051e-01
5.346252322196960449e-01
5.758522748947143555e-01
5.497760772705078125e-01
6.241320371627807617e-01
5.490380525588989258e-01
5.407357215881347656e-01
5.741327404975891113e-01
6.081768274307250977e-01
5.736327171325683594e-01
6.408263444900512695e-01
5.390533208847045898e-01
5.534666776657104492e-01
6.101772785186767578e-01
5.411980152130126953e-01
5.281412005424499512e-01
4.672450423240661621e-01
5.653619170188903809e-01
5.424923896789550781e-01
5.344610214233398438e-01
6.401580572128295898e-01
6.348879337310791016e-01
5.869007706642150879e-01
6.273379325866699219e-01
6.110646128654479980e-01
6.072862148284912109e-01
5.848960876464843750e-01
5.824055671691894531e-01
5.615680217742919922e-01
5.914701223373413086e-01
6.349447965621948242e-01
5.622780323028564453e-01
5.408252477645874023e-01
6.601860523223876953e-01
5.454365015029907227e-01
6.148322820663452148e-01
5.464333891868591309e-01
6.371308565139770508e-01
6.283956766128540039e-01
5.031208395957946777e-01
5.973922014236450195e-01
6.097090244293212891e-01
5.475769042968750000e-01
6.235311031341552734e-01
5.108585357666015625e-01
5.101470947265625000e-01
5.420522093772888184e-01
5.989521741867065430e-01
6.012788414955139160e-01
5.159236788749694824e-01
6.149703860282897949e-01
5.849249362945556641e-01
5.845907330513000488e-01
5.863615870475769043e-01
6.264462471008300781e-01
6.511718034744262695e-01
6.105812788009643555e-01
6.141470670700073242e-01
6.532285213470458984e-01
5.239127278327941895e-01
5.975743532180786133e-01
5.485254526138305664e-01
5.890669822692871094e-01
6.115580201148986816e-01
5.236833095550537109e-01
5.789373517036437988e-01
6.289970278739929199e-01
6.004267930984497070e-01
4.963711202144622803e-01
5.404294133186340332e-01
6.152703166007995605e-01
5.203393101692199707e-01
5.768451690673828125e-01
6.375798583030700684e-01
5.911318063735961914e-01
5.612466931343078613e-01
5.883221626281738281e-01
5.758013725280761719e-01
6.579210758209228516e-01
4.660080075263977051e-01
5.361603498458862305e-01
6.372892856597900391e-01
5.753045082092285156e-01
5.332731008529663086e-01
5.133187770843505859e-01
5.351651310920715332e-01
5.763987302780151367e-01
5.421169996261596680e-01
6.005893945693969727e-01
6.306201219558715820e-01
6.496227383613586426e-01
5.865833163261413574e-01
6.084880232810974121e-01
5.589117407798767090e-01
5.908987522125244141e-01
5.245461463928222656e-01
5.075291395187377930e-01
5.466902852058410645e-01
4.955112934112548828e-01
5.517699718475341797e-01
5.305889844894409180e-01
5.868936777114868164e-01
5.942869186401367188e-01
6.863985061645507812e-01
6.235976815223693848e-01
6.197031736373901367e-01
5.820760726928710938e-01
5.267186164855957031e-01
5.836559534072875977e-01
6.259455084800720215e-01
5.884929299354553223e-01
5.674390792846679688e-01
5.640180706977844238e-01
5.862398743629455566e-01
5.113507509231567383e-01
5.452717542648315430e-01
6.071129441261291504e-01
6.205387115478515625e-01
5.668489336967468262e-01
5.745242834091186523e-01
5.525119304656982422e-01
5.616598129272460938e-01
5.540813207626342773e-01
5.724135637283325195e-01
5.485000014305114746e-01
5.244551897048950195e-01
6.174784898757934570e-01
5.289398431777954102e-01
5.603461265563964844e-01
5.157418251037597656e-01
5.475218892097473145e-01
5.247881412506103516e-01
5.515230894088745117e-01
6.132692694664001465e-01
6.341511011123657227e-01
5.656691789627075195e-01
5.238981246948242188e-01
5.474719405174255371e-01
5.724725723266601562e-01
5.723727345466613770e-01
5.607841014862060547e-01
6.118670701980590820e-01
5.902322530746459961e-01
5.472102761268615723e-01
5.472256541252136230e-01
5.863061547279357910e-01
5.213481187820434570e-01
5.235483646392822266e-01
5.226120352745056152e-01
5.612157583236694336e-01
5.888493061065673828e-01
5.367484092712402344e-01
5.574277639389038086e-01
5.929510593414306641e-01
5.774469375610351562e-01
6.020562648773193359e-01
6.008347868919372559e-01
5.927791595458984375e-01
5.595124959945678711e-01
6.375925540924072266e-01
5.505194664001464844e-01
6.339387893676757812e-01
5.688618421554565430e-01
6.593527793884277344e-01
6.595096588134765625e-01
5.293045639991760254e-01
5.950532555580139160e-01
6.254882812500000000e-01
5.865297317504882812e-01
5.893067717552185059e-01
5.303825736045837402e-01
5.598604679107666016e-01
5.668814182281494141e-01
5.951791405677795410e-01
5.651355981826782227e-01
5.940972566604614258e-01
5.398110151290893555e-01
5.590808391571044922e-01
5.455140471458435059e-01
5.678108930587768555e-01
5.595881938934326172e-01
5.381318330764770508e-01
5.693067908287048340e-01
5.557786822319030762e-01
5.750361680984497070e-01
6.138833761215209961e-01
5.185327529907226562e-01
5.818421244621276855e-01
5.376566052436828613e-01
5.592268705368041992e-01
5.688989758491516113e-01
4.938945472240447998e-01
6.345639228820800781e-01
5.825664997100830078e-01
5.184666514396667480e-01
5.867342352867126465e-01
5.671080350875854492e-01
5.976583957672119141e-01
6.271222829818725586e-01
5.926949977874755859e-01
5.172370076179504395e-01
4.777641892433166504e-01
5.432612895965576172e-01
5.265711545944213867e-01
5.980726480484008789e-01
5.779730081558227539e-01
5.723553895950317383e-01
5.508223772048950195e-01
5.635776519775390625e-01
5.519804954528808594e-01
5.483616590499877930e-01
5.945869684219360352e-01
5.676730871200561523e-01
6.514335870742797852e-01
6.331786513328552246e-01
6.096054315567016602e-01
6.082257032394409180e-01
5.720550417900085449e-01
5.952028632164001465e-01
5.308479666709899902e-01
4.227906763553619385e-01
5.848802328109741211e-01
5.675283670425415039e-01
5.931185483932495117e-01
5.755131244659423828e-01
6.209851503372192383e-01
5.784379243850708008e-01
5.493925809860229492e-01
5.446852445602416992e-01
6.397838592529296875e-01
6.484558582305908203e-01
5.688301324844360352e-01
5.925908684730529785e-01
5.427058935165405273e-01
5.348689556121826172e-01
5.337167978286743164e-01
5.852091908454895020e-01
5.841730833053588867e-01
5.922905206680297852e-01
5.522248744964599609e-01
6.011736392974853516e-01
5.396708250045776367e-01
6.834399700164794922e-01
6.249539852142333984e-01
6.403390765190124512e-01
6.092069149017333984e-01
5.912080407142639160e-01
5.015616416931152344e-01
6.043120622634887695e-01
5.841478109359741211e-01
5.011277198791503906e-01
5.096752643585205078e-01
5.661035180091857910e-01
5.724052190780639648e-01
5.558125972747802734e-01
5.888338088989257812e-01
7.087857723236083984e-01
5.206549167633056641e-01
5.129733681678771973e-01
5.882326364517211914e-01
5.404918193817138672e-01
5.564054250717163086e-01
6.024349927902221680e-01
5.923582315444946289e-01
5.556901693344116211e-01
6.617914438247680664e-01
5.507961511611938477e-01
6.179934144020080566e-01
5.027971267700195312e-01
6.497201919555664062e-01
5.641281008720397949e-01
5.909761190414428711e-01
6.141216754913330078e-01
5.134692192077636719e-01
5.630949735641479492e-01
5.644949674606323242e-01
5.382587909698486328e-01
7.061419486999511719e-01
5.616765618324279785e-01
5.495492219924926758e-01
6.008390784263610840e-01
6.233416795730590820e-01
6.161750555038452148e-01
5.634357929229736328e-01
6.118580698966979980e-01
5.626891851425170898e-01
5.972769260406494141e-01
5.232882499694824219e-01
5.513522028923034668e-01
4.906791746616363525e-01
5.830117464065551758e-01
5.957092642784118652e-01
5.399988889694213867e-01
5.527306795120239258e-01
6.234452724456787109e-01
5.542968511581420898e-01
4.614848196506500244e-01
5.892440080642700195e-01
5.804681777954101562e-01
5.666040182113647461e-01
5.722308158874511719e-01
4.859930574893951416e-01
5.902245640754699707e-01
6.073542833328247070e-01
5.793815255165100098e-01
5.465317368507385254e-01
5.340256690979003906e-01
5.689498186111450195e-01
5.299641489982604980e-01
5.794275999069213867e-01
4.867028892040252686e-01
5.239866971969604492e-01
5.698871612548828125e-01
5.383027791976928711e-01
6.009513139724731445e-01
5.725412368774414062e-01
5.454915761947631836e-01
5.284208655357360840e-01
6.024818420410156250e-01
4.941519498825073242e-01
5.345119237899780273e-01
5.959380865097045898e-01
5.716161727905273438e-01
5.558364987373352051e-01
5.807864069938659668e-01
5.806469917297363281e-01
5.769689083099365234e-01
5.415331721305847168e-01
5.620278120040893555e-01
6.529749035835266113e-01
5.657414197921752930e-01
5.239595770835876465e-01
6.274129152297973633e-01
6.172604560852050781e-01
6.183568239212036133e-01
5.468004941940307617e-01
5.254610776901245117e-01
5.811104178428649902e-01
5.725430250167846680e-01
5.636085271835327148e-01
5.492035150527954102e-01
6.157535314559936523e-01
6.002888083457946777e-01
5.707609653472900391e-01
5.735244750976562500e-01
5.543311834335327148e-01
6.023365259170532227e-01
5.951852202415466309e-01
5.104899406433105469e-01
5.368243455886840820e-01
5.291917324066162109e-01
6.176870465278625488e-01
6.141328811645507812e-01
5.282092690467834473e-01
5.947142839431762695e-01
5.148338079452514648e-01
5.584098100662231445e-01
5.931405425071716309e-01
5.516563653945922852e-01
6.079114675521850586e-01
5.432209968566894531e-01
5.708867311477661133e-01
5.522011518478393555e-01
5.263065695762634277e-01
6.243930459022521973e-01
6.213026046752929688e-01
5.299252867698669434e-01
5.677517056465148926e-01
5.090919733047485352e-01
5.873603820800781250e-01
5.944601297378540039e-01
6.106179952621459961e-01
5.808844566345214844e-01
6.291959881782531738e-01
5.753214359283447266e-01
5.665848255157470703e-01
4.729873239994049072e-01
5.790822505950927734e-01
6.230615377426147461e-01
5.436051487922668457e-01
6.042872667312622070e-01
5.886405706405639648e-01
5.276176929473876953e-01
5.813286304473876953e-01
5.954957008361816406e-01
5.508692264556884766e-01
5.323709249496459961e-01
5.503786802291870117e-01
5.885120630264282227e-01
5.188391208648681641e-01
5.540971755981445312e-01
6.219171285629272461e-01
5.939352512359619141e-01
6.186301708221435547e-01
5.802206993103027344e-01
6.073876023292541504e-01
5.533224344253540039e-01
5.567699670791625977e-01
5.416210889816284180e-01
6.002655029296875000e-01
5.098519325256347656e-01
6.208581924438476562e-01
6.198252439498901367e-01
5.506092309951782227e-01
5.434328913688659668e-01
5.448598861694335938e-01
6.510789990425109863e-01
6.023253202438354492e-01
5.622619390487670898e-01
6.003590226173400879e-01
5.253564119338989258e-01
5.929673910140991211e-01
5.585873126983642578e-01
5.796707868576049805e-01
6.228196620941162109e-01
6.257425546646118164e-01
5.758059620857238770e-01
6.131028532981872559e-01
6.036875247955322266e-01
5.572662353515625000e-01
5.266366004943847656e-01
5.404684543609619141e-01
5.604286193847656250e-01
5.661331415176391602e-01
5.926703214645385742e-01
6.277192234992980957e-01
5.961906909942626953e-01
5.452618598937988281e-01
5.462604761123657227e-01
5.442780256271362305e-01
5.877799987792968750e-01
5.378607511520385742e-01
5.737825036048889160e-01
5.843678712844848633e-01
4.858176708221435547e-01
5.717340707778930664e-01
5.201439857482910156e-01
6.367433071136474609e-01
6.071866750717163086e-01
5.962899923324584961e-01
5.992883443832397461e-01
6.074886322021484375e-01
5.802017450332641602e-01
5.440518856048583984e-01
6.316547393798828125e-01
5.421336889266967773e-01
5.967875719070434570e-01
5.560548305511474609e-01
5.735690593719482422e-01
4.929153323173522949e-01
5.787867307662963867e-01
5.318744778633117676e-01
6.035165786743164062e-01
5.702438354492187500e-01
5.559223890304565430e-01
5.466266870498657227e-01
5.063430070877075195e-01
6.197303533554077148e-01
5.845060944557189941e-01
5.414386987686157227e-01
5.193506479263305664e-01
5.883228778839111328e-01
5.918838977813720703e-01
5.823510885238647461e-01
5.929232835769653320e-01
5.885238051414489746e-01
5.688290596008300781e-01
5.103591084480285645e-01
6.296744346618652344e-01
5.951125621795654297e-01
5.864585041999816895e-01
5.219247341156005859e-01
5.939561128616333008e-01
5.679447054862976074e-01
5.481376647949218750e-01
5.555685162544250488e-01
5.739506483078002930e-01
5.435091853141784668e-01
6.589806079864501953e-01
5.299801826477050781e-01
5.206824541091918945e-01
5.483950376510620117e-01
5.848165154457092285e-01
5.727607011795043945e-01
5.783852934837341309e-01
5.021532773971557617e-01
5.821807980537414551e-01
5.608795881271362305e-01
5.112108588218688965e-01
5.906245708465576172e-01
5.594780445098876953e-01
5.269187092781066895e-01
5.216389298439025879e-01
5.195102691650390625e-01
6.114470362663269043e-01
5.530002117156982422e-01
5.850637555122375488e-01
6.081614494323730469e-01
5.663590431213378906e-01
5.299599766731262207e-01
5.684664845466613770e-01
5.031246542930603027e-01
6.068913936614990234e-01
6.228399276733398438e-01
5.680016875267028809e-01
5.751328468322753906e-01
5.428119897842407227e-01
5.311560630798339844e-01
6.073584556579589844e-01
5.534595251083374023e-01
6.497217416763305664e-01
6.204349994659423828e-01
6.118377447128295898e-01
6.527687311172485352e-01
5.675883293151855469e-01
5.673572421073913574e-01
5.878738164901733398e-01
6.428210735321044922e-01
5.577608346939086914e-01
6.122762560844421387e-01
6.022699475288391113e-01
5.094281435012817383e-01
5.920798182487487793e-01
5.658683776855468750e-01
5.623520016670227051e-01
6.211385726928710938e-01
6.574745178222656250e-01
5.539234876632690430e-01
4.895653128623962402e-01
6.200932860374450684e-01
5.686849355697631836e-01
5.226722955703735352e-01
5.899643301963806152e-01
5.658264160156250000e-01
6.170910596847534180e-01
5.828959941864013672e-01
5.595574378967285156e-01
5.305917859077453613e-01
5.982272624969482422e-01
6.421411633491516113e-01
5.498839616775512695e-01
5.044224262237548828e-01
6.033869981765747070e-01
5.957406759262084961e-01
6.129082441329956055e-01
6.025705337524414062e-01
5.005379915237426758e-01
6.006257534027099609e-01
5.687559247016906738e-01
5.419974327087402344e-01
5.717363953590393066e-01
5.308468937873840332e-01
5.808926820755004883e-01
5.045440793037414551e-01
5.248171091079711914e-01
6.139124631881713867e-01
6.075469255447387695e-01
6.244270205497741699e-01
6.981962919235229492e-01
5.301361083984375000e-01
5.897902250289916992e-01
6.246635913848876953e-01
6.343954801559448242e-01
6.035921573638916016e-01
5.418109893798828125e-01
5.932532548904418945e-01
5.392604470252990723e-01
5.981671810150146484e-01
5.417070388793945312e-01
6.308284997940063477e-01
6.289448738098144531e-01
5.840108394622802734e-01
5.535418391227722168e-01
6.960875391960144043e-01
5.350445508956909180e-01
5.268464684486389160e-01
6.463527083396911621e-01
5.822601318359375000e-01
5.686166286468505859e-01
5.890630483627319336e-01
5.269756317138671875e-01
5.823700428009033203e-01
6.225410699844360352e-01
5.832880139350891113e-01
5.845355391502380371e-01
6.230460405349731445e-01
5.409539937973022461e-01
4.833378195762634277e-01
5.357776880264282227e-01
6.231321096420288086e-01
5.724756717681884766e-01
5.860555171966552734e-01
6.080275774002075195e-01
6.531371474266052246e-01
5.787640810012817383e-01
5.895491242408752441e-01
6.241423487663269043e-01
6.390363574028015137e-01
5.438475608825683594e-01
5.917336940765380859e-01
6.048431992530822754e-01
5.839561820030212402e-01
5.614237785339355469e-01
5.215329527854919434e-01
6.194099187850952148e-01
5.268616676330566406e-01
6.198660135269165039e-01
5.344046354293823242e-01
5.896602869033813477e-01
5.785658359527587891e-01
5.799707174301147461e-01
5.544267892837524414e-01
5.418421030044555664e-01
6.008973121643066406e-01
4.728140830993652344e-01
5.715186595916748047e-01
5.696477890014648438e-01
5.651915669441223145e-01
5.912911891937255859e-01
6.307238340377807617e-01
5.722789168357849121e-01
5.592904090881347656e-01
6.319397091865539551e-01
5.895380973815917969e-01
6.116638183593750000e-01
5.964284539222717285e-01
5.427212715148925781e-01
5.716246366500854492e-01
5.300085544586181641e-01
5.084120035171508789e-01
5.902670621871948242e-01
5.747367739677429199e-01
6.483058929443359375e-01
6.160641908645629883e-01
5.091946125030517578e-01
5.184468626976013184e-01
5.839374065399169922e-01
6.210260987281799316e-01
6.489771604537963867e-01
6.475302577018737793e-01
5.354797244071960449e-01
4.693307280540466309e-01
5.093685388565063477e-01
5.997641682624816895e-01
6.252683997154235840e-01
5.613176226615905762e-01
5.509170293807983398e-01
5.936141610145568848e-01
5.065985918045043945e-01
6.130830645561218262e-01
5.932981967926025391e-01
6.338729262351989746e-01
5.757589340209960938e-01
4.872656166553497314e-01
5.348095893859863281e-01
5.972836017608642578e-01
5.451809167861938477e-01
5.633968114852905273e-01
5.156412124633789062e-01
6.138023734092712402e-01
6.582702398300170898e-01
4.861851930618286133e-01
5.309513807296752930e-01
5.702769160270690918e-01
6.387641429901123047e-01
6.302825212478637695e-01
6.696171760559082031e-01
5.243287086486816406e-01
6.370887160301208496e-01
5.133908987045288086e-01
5.522248744964599609e-01
5.893328189849853516e-01
6.095683574676513672e-01
5.860371589660644531e-01
6.332889795303344727e-01
6.458165049552917480e-01
4.500867724418640137e-01
5.299868583679199219e-01
6.013659238815307617e-01
6.398684978485107422e-01
5.571985244750976562e-01
5.140865445137023926e-01
4.930987954139709473e-01
5.481657981872558594e-01
5.745521187782287598e-01
6.229765415191650391e-01
5.525782108306884766e-01
6.061668395996093750e-01
5.458284616470336914e-01
5.236078500747680664e-01
5.545575618743896484e-01
6.177110671997070312e-01
6.159966588020324707e-01
5.754497051239013672e-01
5.373239517211914062e-01
5.475137829780578613e-01
5.560355186462402344e-01
5.618767738342285156e-01
5.291383266448974609e-01
5.457427501678466797e-01
6.165921092033386230e-01
5.734492540359497070e-01
5.749429464340209961e-01
5.599976778030395508e-01
4.683687388896942139e-01
5.696476697921752930e-01
5.901113152503967285e-01
5.720708370208740234e-01
5.984987616539001465e-01
4.645693600177764893e-01
5.507675409317016602e-01
5.887350440025329590e-01
5.872527360916137695e-01
5.600060224533081055e-01
5.995080471038818359e-01
5.193966627120971680e-01
5.206862092018127441e-01
5.356871485710144043e-01
6.102155447006225586e-01
6.024889945983886719e-01
5.871681571006774902e-01
5.736384391784667969e-01
5.891752243041992188e-01
5.953389406204223633e-01
4.934825003147125244e-01
5.573272705078125000e-01
4.387852251529693604e-01
5.032854080200195312e-01
5.635880231857299805e-01
5.805899500846862793e-01
5.194742083549499512e-01
6.397235393524169922e-01
5.561169385910034180e-01
6.078178882598876953e-01
4.756219685077667236e-01
5.882570147514343262e-01
6.418739557266235352e-01
5.572566986083984375e-01
6.308045387268066406e-01
5.202255249023437500e-01
6.026874184608459473e-01
4.965690374374389648e-01
5.571844577789306641e-01
6.485115289688110352e-01
5.488220453262329102e-01
5.758630633354187012e-01
6.180758476257324219e-01
4.850350618362426758e-01
5.763702988624572754e-01
5.908277630805969238e-01
6.050556898117065430e-01
5.316687226295471191e-01
5.951722264289855957e-01
5.943197011947631836e-01
4.791345894336700439e-01
6.434601545333862305e-01
5.177774429321289062e-01
5.834386348724365234e-01
6.315140724182128906e-01
6.614626049995422363e-01
6.170678138732910156e-01
5.083789229393005371e-01
5.377540588378906250e-01
5.570921897888183594e-01
6.147004365921020508e-01
5.767287015914916992e-01
5.687887668609619141e-01
6.332527995109558105e-01
5.940302014350891113e-01
6.134603619575500488e-01
5.763106346130371094e-01
5.448429584503173828e-01
6.289650201797485352e-01
5.960691571235656738e-01
4.761988818645477295e-01
5.390784740447998047e-01
5.628380775451660156e-01
4.934786558151245117e-01
5.425038337707519531e-01
6.388011574745178223e-01
5.427303314208984375e-01
5.899443626403808594e-01
5.690557360649108887e-01
5.637048482894897461e-01
5.553164482116699219e-01
5.452544093132019043e-01
6.495097875595092773e-01
5.883544683456420898e-01
5.850519537925720215e-01
5.689547061920166016e-01
5.631068944931030273e-01
5.755991935729980469e-01
5.575042366981506348e-01
5.979131460189819336e-01
5.249373316764831543e-01
6.075335741043090820e-01
6.234502792358398438e-01
5.344032049179077148e-01
5.679892897605895996e-01
6.442717313766479492e-01
5.445926189422607422e-01
5.600908994674682617e-01
5.606200098991394043e-01
5.450761318206787109e-01
5.788849592208862305e-01
6.335310339927673340e-01
5.476839542388916016e-01
5.378683805465698242e-01
6.401923298835754395e-01
6.568022966384887695e-01
5.466486811637878418e-01
5.014169216156005859e-01
5.818378925323486328e-01
5.374705791473388672e-01
5.459448099136352539e-01
5.384227037429809570e-01
5.678249001502990723e-01
6.159187555313110352e-01
5.984098911285400391e-01
5.696955919265747070e-01
5.622447133064270020e-01
6.188310384750366211e-01
6.481214761734008789e-01
6.121592521667480469e-01
5.294359922409057617e-01
6.050074100494384766e-01
6.205500364303588867e-01
5.680409669876098633e-01
6.452004909515380859e-01
5.461879968643188477e-01
5.931665897369384766e-01
5.839493274688720703e-01
5.235632061958312988e-01
6.092242002487182617e-01
5.251239538192749023e-01
5.939540863037109375e-01
6.682903766632080078e-01
5.683975219726562500e-01
5.815184116363525391e-01
4.837693870067596436e-01
5.374402999877929688e-01
5.202656984329223633e-01
5.986068248748779297e-01
5.865935087203979492e-01
5.633537769317626953e-01
5.350631475448608398e-01
5.465453863143920898e-01
6.048060655593872070e-01
6.417666673660278320e-01
5.772167444229125977e-01
5.957670211791992188e-01
5.737580060958862305e-01
5.555095076560974121e-01
5.739537477493286133e-01
5.953198671340942383e-01
5.250773429870605469e-01
5.735062360763549805e-01
5.674856901168823242e-01
6.003689765930175781e-01
6.178376674652099609e-01
5.656630396842956543e-01
5.795389413833618164e-01
6.009590625762939453e-01
5.441006422042846680e-01
6.046682596206665039e-01
5.908216834068298340e-01
5.845826864242553711e-01
5.489664077758789062e-01
5.384204983711242676e-01
5.261074304580688477e-01
5.503581762313842773e-01
5.347648859024047852e-01
6.149184703826904297e-01
5.583072900772094727e-01
5.584629774093627930e-01
5.641192197799682617e-01
5.584650039672851562e-01
5.424935817718505859e-01
5.431748032569885254e-01
5.591349601745605469e-01
5.358840227127075195e-01
6.213707327842712402e-01
5.314004421234130859e-01
5.726839303970336914e-01
6.211361289024353027e-01
6.352235078811645508e-01
5.639418959617614746e-01
5.802965164184570312e-01
5.964031815528869629e-01
5.078636407852172852e-01
5.322785377502441406e-01
5.467953085899353027e-01
6.094529628753662109e-01
5.287298560142517090e-01
5.594957470893859863e-01
5.587130188941955566e-01
5.814458131790161133e-01
5.731379985809326172e-01
5.764193534851074219e-01
5.230664014816284180e-01
6.332282423973083496e-01
5.822890996932983398e-01
6.097196340560913086e-01
5.834642052650451660e-01
5.575891733169555664e-01
5.865190625190734863e-01
5.096124410629272461e-01
6.451548337936401367e-01
5.780935287475585938e-01
5.236990451812744141e-01
5.942260026931762695e-01
5.809628963470458984e-01
5.367606878280639648e-01
6.043409109115600586e-01
5.300865173339843750e-01
5.579217672348022461e-01
6.049927473068237305e-01
4.832034409046173096e-01
6.147921085357666016e-01
5.590341687202453613e-01
4.986322522163391113e-01
5.693116188049316406e-01
5.670353174209594727e-01
5.411784648895263672e-01
6.018441915512084961e-01
5.251687765121459961e-01
6.775851249694824219e-01
5.359797477722167969e-01
5.893861651420593262e-01
6.157609224319458008e-01
5.625565052032470703e-01
6.037431955337524414e-01
5.410943031311035156e-01
6.450518369674682617e-01
5.392294526100158691e-01
5.356117486953735352e-01
5.845128297805786133e-01
6.467306613922119141e-01
6.372625827789306641e-01
7.095728516578674316e-01
5.200002193450927734e-01
4.894711971282958984e-01
5.385854244232177734e-01
5.789102911949157715e-01
5.988610982894897461e-01
5.744066238403320312e-01
6.642632484436035156e-01
5.646319389343261719e-01
6.333036422729492188e-01
5.558285713195800781e-01
5.030419826507568359e-01
5.834168791770935059e-01
6.182577610015869141e-01
6.046254038810729980e-01
5.718003511428833008e-01
4.661922752857208252e-01
5.561362504959106445e-01
5.495275259017944336e-01
5.590053796768188477e-01
6.015880107879638672e-01
5.746827125549316406e-01
5.387565493583679199e-01
6.231349706649780273e-01
5.847557783126831055e-01
5.660938024520874023e-01
5.733500123023986816e-01
5.594238042831420898e-01
6.463435292243957520e-01
5.613411664962768555e-01
5.462578535079956055e-01
5.167522430419921875e-01
5.350906252861022949e-01
5.521101951599121094e-01
5.968067646026611328e-01
6.143117547035217285e-01
5.708664059638977051e-01
5.366078019142150879e-01
5.093030929565429688e-01
5.343232154846191406e-01
5.634987354278564453e-01
6.449362635612487793e-01
5.262277126312255859e-01
5.723038315773010254e-01
5.420007705688476562e-01
5.676988363265991211e-01
5.259369015693664551e-01
5.549006462097167969e-01
5.595413446426391602e-01
5.348784327507019043e-01
5.330063104629516602e-01
6.060187220573425293e-01
5.996304154396057129e-01
6.333490610122680664e-01
5.069016814231872559e-01
6.060860157012939453e-01
6.117892265319824219e-01
6.186425685882568359e-01
5.792617797851562500e-01
5.255975723266601562e-01
5.472998023033142090e-01
5.274577140808105469e-01
4.951831400394439697e-01
6.455315351486206055e-01
5.091382265090942383e-01
5.687425136566162109e-01
5.680912137031555176e-01
4.719734489917755127e-01
5.264203548431396484e-01
5.862785577774047852e-01
5.912238359451293945e-01
6.419465541839599609e-01
5.753052234649658203e-01
7.180925011634826660e-01
5.862110853195190430e-01
4.784962832927703857e-01
5.624709725379943848e-01
6.461887359619140625e-01
5.532343387603759766e-01
6.773043870925903320e-01
6.227453947067260742e-01
5.598598718643188477e-01
5.317111015319824219e-01
5.161254405975341797e-01
6.179789900779724121e-01
5.697419643402099609e-01
5.527297258377075195e-01
4.740516245365142822e-01
4.666688442230224609e-01
5.090836286544799805e-01
5.012490153312683105e-01
4.856249094009399414e-01
6.165177822113037109e-01
5.202163457870483398e-01
4.911953508853912354e-01
5.179308652877807617e-01
5.864855051040649414e-01
5.739407539367675781e-01
5.507577657699584961e-01
5.694919824600219727e-01
5.349961519241333008e-01
4.881038665771484375e-01
5.712249279022216797e-01
5.995724201202392578e-01
6.319982409477233887e-01
6.137646436691284180e-01
5.520853400230407715e-01
5.364913940429687500e-01
4.891286492347717285e-01
5.958802103996276855e-01
5.378048419952392578e-01
5.513485670089721680e-01
5.932751893997192383e-01
6.175520420074462891e-01
5.830671787261962891e-01
5.651274323463439941e-01
5.827440023422241211e-01
6.012066602706909180e-01
5.745286941528320312e-01
5.037223100662231445e-01
5.900849699974060059e-01
6.308002471923828125e-01
5.623888969421386719e-01
5.102602243423461914e-01
5.416873693466186523e-01
5.420836210250854492e-01
5.515013933181762695e-01
5.827622413635253906e-01
5.998334884643554688e-01
6.071547865867614746e-01
5.667518377304077148e-01
5.137686729431152344e-01
5.017178058624267578e-01
5.459933280944824219e-01
5.915168523788452148e-01
5.660907030105590820e-01
5.466187596321105957e-01
5.449729561805725098e-01
5.868313312530517578e-01
5.105511546134948730e-01
5.352475643157958984e-01
5.587930679321289062e-01
5.578185319900512695e-01
5.577091574668884277e-01
5.218344926834106445e-01
5.495412349700927734e-01
5.737236142158508301e-01
5.417570471763610840e-01
6.192820072174072266e-01
5.857582092285156250e-01
6.075164079666137695e-01
5.587553977966308594e-01
4.914512634277343750e-01
6.347873210906982422e-01
5.955340862274169922e-01
5.786808729171752930e-01
5.962476730346679688e-01
5.580264925956726074e-01
5.438873767852783203e-01
5.823018550872802734e-01
5.532112121582031250e-01
5.435592532157897949e-01
5.047526359558105469e-01
6.894840002059936523e-01
5.861299633979797363e-01
6.084401011466979980e-01
6.090383529663085938e-01
6.133375167846679688e-01
6.147012710571289062e-01
5.467675924301147461e-01
6.576827764511108398e-01
5.395628213882446289e-01
6.958603858947753906e-01
5.638480186462402344e-01
6.405373811721801758e-01
6.003943681716918945e-01
6.126527190208435059e-01
5.817808508872985840e-01
6.180822849273681641e-01
5.078810453414916992e-01
5.279275178909301758e-01
5.401412248611450195e-01
5.452967882156372070e-01
5.375050306320190430e-01
5.624896287918090820e-01
5.952292680740356445e-01
5.317225456237792969e-01
7.100133299827575684e-01
5.388790369033813477e-01
5.528134107589721680e-01
5.469805002212524414e-01
6.156345605850219727e-01
5.668612718582153320e-01
5.886878371238708496e-01
5.409268140792846680e-01
6.290670037269592285e-01
5.846102237701416016e-01
5.370445251464843750e-01
4.748067259788513184e-01
5.709166526794433594e-01
4.748577773571014404e-01
6.099321842193603516e-01
5.667502880096435547e-01
5.037613511085510254e-01
5.948268175125122070e-01
6.332287788391113281e-01
5.516886711120605469e-01
5.088337659835815430e-01
5.650937557220458984e-01
6.098976731300354004e-01
6.339786052703857422e-01
5.618959665298461914e-01
5.304754376411437988e-01
6.179780960083007812e-01
5.538101196289062500e-01
5.818761587142944336e-01
5.660443902015686035e-01
5.994459986686706543e-01
5.766537785530090332e-01
5.665010809898376465e-01
5.767925977706909180e-01
5.644111037254333496e-01
5.018168687820434570e-01
6.249518394470214844e-01
5.658234357833862305e-01
5.894299149513244629e-01
5.399108529090881348e-01
5.856171846389770508e-01
6.357311606407165527e-01
6.076785922050476074e-01
5.717207193374633789e-01
5.580971240997314453e-01
6.980425715446472168e-01
6.059544086456298828e-01
5.376659631729125977e-01
5.510911941528320312e-01
5.507020950317382812e-01
5.558372735977172852e-01
5.217070579528808594e-01
5.738266110420227051e-01
5.743763446807861328e-01
6.171081662178039551e-01
5.805405974388122559e-01
4.951335191726684570e-01
6.020776629447937012e-01
5.693318247795104980e-01
5.763001441955566406e-01
6.100606918334960938e-01
6.170637607574462891e-01
5.714875459671020508e-01
5.707179307937622070e-01
5.292686223983764648e-01
5.502789616584777832e-01
5.779273509979248047e-01
5.591009855270385742e-01
6.154268980026245117e-01
6.107746362686157227e-01
5.711586475372314453e-01
5.631082057952880859e-01
4.828943312168121338e-01
4.994787275791168213e-01
5.844135880470275879e-01
6.943606734275817871e-01
5.804351568222045898e-01
5.505430698394775391e-01
4.683121740818023682e-01
5.868681669235229492e-01
5.982744097709655762e-01
6.655366420745849609e-01
5.566630363464355469e-01
5.767596960067749023e-01
5.607585310935974121e-01
6.212627887725830078e-01
5.427786707878112793e-01
5.712829828262329102e-01
5.414330363273620605e-01
5.316479206085205078e-01
5.895071625709533691e-01
5.103610754013061523e-01
5.678122639656066895e-01
5.595890283584594727e-01
5.681868195533752441e-01
5.925937891006469727e-01
5.441166162490844727e-01
5.731954574584960938e-01
5.792019367218017578e-01
5.314331054687500000e-01
4.954347908496856689e-01
6.129195690155029297e-01
5.987787842750549316e-01
5.697704553604125977e-01
6.339315772056579590e-01
5.560609102249145508e-01
5.515142679214477539e-01
5.825986862182617188e-01
6.472302675247192383e-01
4.913582801818847656e-01
5.620479583740234375e-01
5.759383440017700195e-01
6.148825287818908691e-01
5.657385587692260742e-01
5.830906629562377930e-01
5.673922300338745117e-01
5.056022405624389648e-01
6.648234128952026367e-01
5.178368091583251953e-01
5.335810184478759766e-01
5.910636782646179199e-01
6.170895099639892578e-01
5.453184247016906738e-01
5.528167486190795898e-01
5.604672431945800781e-01
5.843470096588134766e-01
6.424304246902465820e-01
5.796920061111450195e-01
5.655627250671386719e-01
4.927879571914672852e-01
5.889064073562622070e-01
5.564006567001342773e-01
6.503287553787231445e-01
5.834685564041137695e-01
5.322406888008117676e-01
5.258253812789916992e-01
5.344355106353759766e-01
6.185166835784912109e-01
6.243249177932739258e-01
6.230272054672241211e-01
5.712810754776000977e-01
5.918424129486083984e-01
6.015388965606689453e-01
5.676659345626831055e-01
5.815060138702392578e-01
6.613905429840087891e-01
6.233944296836853027e-01
5.538277626037597656e-01
5.389889478683471680e-01
6.163307428359985352e-01
6.736249327659606934e-01
5.860545635223388672e-01
6.011289954185485840e-01
5.635718107223510742e-01
5.921517610549926758e-01
6.275452375411987305e-01
5.228881239891052246e-01
5.370621681213378906e-01
5.582835078239440918e-01
5.864788889884948730e-01
5.833372473716735840e-01
5.769780874252319336e-01
5.528126955032348633e-01
5.352454185485839844e-01
5.920379161834716797e-01
5.893514752388000488e-01
5.585988759994506836e-01
4.918760061264038086e-01
5.743591785430908203e-01
5.726280212402343750e-01
6.020584106445312500e-01
6.374977827072143555e-01
6.113969087600708008e-01
5.557332634925842285e-01
6.208517551422119141e-01
5.300432443618774414e-01
5.165749192237854004e-01
5.644401311874389648e-01
6.026988029479980469e-01
6.152111291885375977e-01
5.604704618453979492e-01
5.515646934509277344e-01
4.884537160396575928e-01
5.902056694030761719e-01
5.661051273345947266e-01
6.084746122360229492e-01
5.299743413925170898e-01
5.677211284637451172e-01
5.950220227241516113e-01
5.590602159500122070e-01
5.563600063323974609e-01
5.513639450073242188e-01
5.601039528846740723e-01
6.484288573265075684e-01
5.492517352104187012e-01
5.787333846092224121e-01
5.535600185394287109e-01
5.446262359619140625e-01
5.354783535003662109e-01
5.862068533897399902e-01
5.715652108192443848e-01
6.150374412536621094e-01
4.919337928295135498e-01
5.656517744064331055e-01
6.443219780921936035e-01
6.071807146072387695e-01
5.220904350280761719e-01
5.660778284072875977e-01
6.067440509796142578e-01
4.614781439304351807e-01
5.953806638717651367e-01
5.766955614089965820e-01
5.857269763946533203e-01
5.650690197944641113e-01
6.223175525665283203e-01
5.745291113853454590e-01
5.732103586196899414e-01
5.730403661727905273e-01
6.098277568817138672e-01
5.501124858856201172e-01
6.351183056831359863e-01
5.921851396560668945e-01
5.312649011611938477e-01
5.652405619621276855e-01
5.617977976799011230e-01
5.780862569808959961e-01
5.235362052917480469e-01
5.804029703140258789e-01
5.506837368011474609e-01
5.332133769989013672e-01
6.895163059234619141e-01
6.208192706108093262e-01
5.069065093994140625e-01
5.989856719970703125e-01
5.325741767883300781e-01
5.237287878990173340e-01
5.239810943603515625e-01
5.291386842727661133e-01
5.482389926910400391e-01
5.487390756607055664e-01
6.013664007186889648e-01
6.411310434341430664e-01
6.013844013214111328e-01
4.933334887027740479e-01
6.488778591156005859e-01
5.494459271430969238e-01
5.335732698440551758e-01
5.861155986785888672e-01
5.838920474052429199e-01
5.831962823867797852e-01
5.928858518600463867e-01
6.031337976455688477e-01
5.625697374343872070e-01
5.706369280815124512e-01
6.634763479232788086e-01
5.780285596847534180e-01
5.932601094245910645e-01
5.883748531341552734e-01
5.917501449584960938e-01
5.222222805023193359e-01
5.497897863388061523e-01
4.591906368732452393e-01
5.678241848945617676e-01
5.686600208282470703e-01
5.540865063667297363e-01
5.724459290504455566e-01
5.837192535400390625e-01
6.553256511688232422e-01
5.154619812965393066e-01
5.536405444145202637e-01
6.135865449905395508e-01
5.917090177536010742e-01
5.643306970596313477e-01
5.611728429794311523e-01
5.140675306320190430e-01
4.526383280754089355e-01
5.515084862709045410e-01
6.175922155380249023e-01
6.085324287414550781e-01
5.324403047561645508e-01
5.814658403396606445e-01
5.751498341560363770e-01
5.149312019348144531e-01
5.843020677566528320e-01
5.115994215011596680e-01
5.833942890167236328e-01
5.424183011054992676e-01
5.895647406578063965e-01
5.383543968200683594e-01
5.644556283950805664e-01
6.132549047470092773e-01
5.846334099769592285e-01
5.089218616485595703e-01
6.028113365173339844e-01
5.762374401092529297e-01
5.861152410507202148e-01
5.259706974029541016e-01
5.837051272392272949e-01
5.446541905403137207e-01
5.581988096237182617e-01
6.235827207565307617e-01
6.097531318664550781e-01
5.243128538131713867e-01
5.254100561141967773e-01
5.772444009780883789e-01
5.591185092926025391e-01
5.620719194412231445e-01
6.574748158454895020e-01
5.734708309173583984e-01
4.930371344089508057e-01
5.374706983566284180e-01
5.377576351165771484e-01
5.515947341918945312e-01
5.591067671775817871e-01
6.288985610008239746e-01
4.931912720203399658e-01
5.424246788024902344e-01
6.048946380615234375e-01
5.834918022155761719e-01
5.963014364242553711e-01
6.224260926246643066e-01
5.597803592681884766e-01
5.789670944213867188e-01
6.152033805847167969e-01
6.116042137145996094e-01
6.082892417907714844e-01
5.849724411964416504e-01
5.394656062126159668e-01
5.140812993049621582e-01
5.364279747009277344e-01
6.155810356140136719e-01
5.566803812980651855e-01
5.629925727844238281e-01
5.594627261161804199e-01
5.796995162963867188e-01
4.430001378059387207e-01
5.703448057174682617e-01
5.880799293518066406e-01
6.099618673324584961e-01
5.801756381988525391e-01
6.252483129501342773e-01
5.711348056793212891e-01
5.689227581024169922e-01
5.667224526405334473e-01
6.400233507156372070e-01
6.021345853805541992e-01
5.957748293876647949e-01
5.840229988098144531e-01
5.721322894096374512e-01
5.206417441368103027e-01
5.905261039733886719e-01
5.295397639274597168e-01
6.146398782730102539e-01
5.916008949279785156e-01
5.751079320907592773e-01
5.491153001785278320e-01
5.475335121154785156e-01
5.211101770401000977e-01
5.763742327690124512e-01
4.945999383926391602e-01
5.673237442970275879e-01
6.666118502616882324e-01
5.263046622276306152e-01
5.053023099899291992e-01
6.169540882110595703e-01
5.435127019882202148e-01
5.716125965118408203e-01
5.704435110092163086e-01
6.440155506134033203e-01
5.166538357734680176e-01
6.029659509658813477e-01
5.768526792526245117e-01
5.490126609802246094e-01
5.439860820770263672e-01
5.440746545791625977e-01
5.358452796936035156e-01
5.951700210571289062e-01
6.435872316360473633e-01
6.086735725402832031e-01
6.252466440200805664e-01
5.879052877426147461e-01
4.769580364227294922e-01
6.262364387512207031e-01
5.388819575309753418e-01
5.926296114921569824e-01
6.055428385734558105e-01
5.466753840446472168e-01
5.825566053390502930e-01
6.458142995834350586e-01
6.686455011367797852e-01
5.504610538482666016e-01
5.997272729873657227e-01
6.384413242340087891e-01
5.885185003280639648e-01
6.331229209899902344e-01
5.815689563751220703e-01
5.518813729286193848e-01
5.986577868461608887e-01
5.717214941978454590e-01
5.458225607872009277e-01
6.618769168853759766e-01
6.653749942779541016e-01
5.575007200241088867e-01
5.692250132560729980e-01
5.449494123458862305e-01
4.902017116546630859e-01
6.089869737625122070e-01
5.695209503173828125e-01
5.526411533355712891e-01
5.554709434509277344e-01
4.927690923213958740e-01
5.350133180618286133e-01
5.409879684448242188e-01
5.851109027862548828e-01
4.805192351341247559e-01
6.071829795837402344e-01
5.087927579879760742e-01
5.796307325363159180e-01
5.296715497970581055e-01
6.124411821365356445e-01
5.668725967407226562e-01
5.774319171905517578e-01
5.660029649734497070e-01
6.036052703857421875e-01
4.760159254074096680e-01
5.527354478836059570e-01
5.761482715606689453e-01
6.094248294830322266e-01
5.705674886703491211e-01
5.800400972366333008e-01
6.135940551757812500e-01
5.094095468521118164e-01
5.970069766044616699e-01
5.670980215072631836e-01
6.403700113296508789e-01
5.816634893417358398e-01
5.526438951492309570e-01
5.311393737792968750e-01
6.081573367118835449e-01
6.537652015686035156e-01
5.630947351455688477e-01
5.389879941940307617e-01
5.831311941146850586e-01
5.308814048767089844e-01
6.242457628250122070e-01
6.449884772300720215e-01
5.573996305465698242e-01
5.811079144477844238e-01
6.129926443099975586e-01
5.860251188278198242e-01
5.973408222198486328e-01
5.862596035003662109e-01
5.159691572189331055e-01
5.464391708374023438e-01
6.087451577186584473e-01
5.486139059066772461e-01
5.534365177154541016e-01
6.148003339767456055e-01
5.746705532073974609e-01
6.092126369476318359e-01
6.000453233718872070e-01
5.358429551124572754e-01
5.341189503669738770e-01
6.189481019973754883e-01
6.434956789016723633e-01
5.811895132064819336e-01
4.978567659854888916e-01
5.969043970108032227e-01
6.157175302505493164e-01
5.656970143318176270e-01
6.873967647552490234e-01
5.855264663696289062e-01
6.035450696945190430e-01
5.593638420104980469e-01
5.479569435119628906e-01
5.781537294387817383e-01
5.801464915275573730e-01
5.081384181976318359e-01
5.362135171890258789e-01
5.419194698333740234e-01
5.335322618484497070e-01
5.739210844039916992e-01
5.272568464279174805e-01
5.971892476081848145e-01
5.280182957649230957e-01
4.838091731071472168e-01
5.386826992034912109e-01
5.967528820037841797e-01
5.794856548309326172e-01
5.710079669952392578e-01
6.465368270874023438e-01
4.950859546661376953e-01
5.370779037475585938e-01
6.177152395248413086e-01
6.053771376609802246e-01
5.323981642723083496e-01
5.600766539573669434e-01
5.404419898986816406e-01
5.382165312767028809e-01
6.101276874542236328e-01
5.450599193572998047e-01
5.626410245895385742e-01
5.609515905380249023e-01
5.655359029769897461e-01
6.173428893089294434e-01
6.198267936706542969e-01
5.717803239822387695e-01
5.523139238357543945e-01
5.198780298233032227e-01
6.392700076103210449e-01
5.195265412330627441e-01
5.048977136611938477e-01
5.222887992858886719e-01
5.283107757568359375e-01
5.501309037208557129e-01
5.342977046966552734e-01
5.885140895843505859e-01
5.917922258377075195e-01
5.557368993759155273e-01
4.807965159416198730e-01
5.357803106307983398e-01
5.497963428497314453e-01
5.179384350776672363e-01
5.806031227111816406e-01
6.817748546600341797e-01
5.912904739379882812e-01
5.540399551391601562e-01
4.827150404453277588e-01
5.686745047569274902e-01
5.029318332672119141e-01
6.307899355888366699e-01
5.663167238235473633e-01
6.614424586296081543e-01
5.868944525718688965e-01
5.331269502639770508e-01
5.099740028381347656e-01
5.249289870262145996e-01
5.707551240921020508e-01
5.589219331741333008e-01
5.686086416244506836e-01
5.854078531265258789e-01
